==============================================================================================================
E0b2 — gate-fix regression sweep (D1 consistency settle + D2 shaped mobility), preregistered [mode=bingham]
==============================================================================================================
law        yield    eta settle    hard |  lossA1  lossA3  entryB entryA3    asym   final |     m    mB   mA3  retMn   retL   ★end  midjmp phase
bingham    0.001   0.10   0.80  0.0010 |  0.3333  0.3333  0.3333  0.3333 +0.0000  0.3333 |     0     0     0  0.333  0.333     64   0.000 uncommitted
bingham    0.001   0.10   0.80  0.0100 |  0.3333  0.3333  0.3333  0.3333 +0.0000  0.3333 |     0     0     0  0.333  0.333     64   0.000 uncommitted
bingham    0.001   0.10   0.90  0.0010 |  0.3333  0.3333  0.3333  0.3333 +0.0000  0.3333 |     0     0     0  0.333  0.333     64   0.000 uncommitted
bingham    0.001   0.10   0.90  0.0100 |  0.3333  0.3333  0.3333  0.3333 +0.0000  0.3333 |     0     0     0  0.333  0.333     64   0.000 uncommitted
bingham    0.001   1.00   0.80  0.0010 |  0.3333  0.3333  0.3333  0.3333 +0.0000  0.3333 |     0     0     0  0.333  0.333     64   0.000 uncommitted
bingham    0.001   1.00   0.80  0.0100 |  0.3333  0.3333  0.3333  0.3333 +0.0000  0.3333 |     0     0     0  0.333  0.333     64   0.000 uncommitted
bingham    0.001   1.00   0.90  0.0010 |  0.3333  0.3333  0.3333  0.3333 +0.0000  0.3333 |     0     0     0  0.333  0.333     64   0.000 uncommitted
bingham    0.001   1.00   0.90  0.0100 |  0.3333  0.3333  0.3333  0.3333 +0.0000  0.3333 |     0     0     0  0.333  0.333     64   0.000 uncommitted
bingham    0.001  10.00   0.80  0.0010 |  0.3333  0.3333  0.3333  0.3333 +0.0000  0.3333 |     0     0     0  0.333  0.333     64   0.000 uncommitted
bingham    0.001  10.00   0.80  0.0100 |  0.3333  0.3333  0.3333  0.3333 +0.0000  0.3333 |     0     0     0  0.333  0.333     64   0.000 uncommitted
bingham    0.001  10.00   0.90  0.0010 |  0.3333  0.3333  0.3333  0.3333 +0.0000  0.3333 |     0     0     0  0.333  0.333     64   0.000 uncommitted
bingham    0.001  10.00   0.90  0.0100 |  0.3333  0.3333  0.3333  0.3333 +0.0000  0.3333 |     0     0     0  0.333  0.333     64   0.000 uncommitted
bingham    0.010   0.10   0.80  0.0010 |  0.3333  0.3333  0.3333  0.3333 +0.0000  0.3333 |     0     0     0  0.333  0.333     64   0.000 uncommitted
bingham    0.010   0.10   0.80  0.0100 |  0.3333  0.3333  0.3333  0.3333 +0.0000  0.3333 |     0     0     0  0.333  0.333     64   0.000 uncommitted
bingham    0.010   0.10   0.90  0.0010 |  0.3333  0.3333  0.3333  0.3333 +0.0000  0.3333 |     0     0     0  0.333  0.333     64   0.000 uncommitted
bingham    0.010   0.10   0.90  0.0100 |  0.3333  0.3333  0.3333  0.3333 +0.0000  0.3333 |     0     0     0  0.333  0.333     64   0.000 uncommitted
bingham    0.010   1.00   0.80  0.0010 |  0.3302  0.3312  0.3919  0.3313 +0.0606  0.2876 |     1     0     0  0.304  0.331     64   0.000 consolidated
bingham    0.010   1.00   0.80  0.0100 |  0.3000  0.4103  1.0068  1.5924 -0.5856  0.0000 |     5     0     0  1.548  2.191      0   2.164 frozen
bingham    0.010   1.00   0.90  0.0010 |  0.3302  0.3312  0.3919  0.3313 +0.0606  0.2876 |     1     0     0  0.304  0.331     64   0.000 consolidated
bingham    0.010   1.00   0.90  0.0100 |  0.3000  0.2290  0.6623  0.8414 -0.1791  0.0004 |     5     0     0  1.437  1.240      0   2.248 frozen
bingham    0.010  10.00   0.80  0.0010 |  0.3330  0.3327  0.3391  0.3328 +0.0063  0.3281 |     1     0     0  0.330  0.333     64   0.000 consolidated
bingham    0.010  10.00   0.80  0.0100 |  0.0835  0.3016  1.1599  1.2251 -0.0652  0.0000 |     0     0     0  1.390  1.334      0   0.231 frozen
bingham    0.010  10.00   0.90  0.0010 |  0.3330  0.3327  0.3391  0.3328 +0.0063  0.3281 |     1     0     0  0.330  0.333     64   0.000 consolidated
bingham    0.010  10.00   0.90  0.0100 |  0.0823  0.3014  1.1581  1.2248 -0.0668  0.0000 |     0     0     0  1.391  1.334      0   0.232 frozen
bingham    0.050   0.10   0.80  0.0010 |  0.3333  0.3333  0.3333  0.3333 +0.0000  0.3333 |     0     0     0  0.333  0.333     64   0.000 uncommitted
bingham    0.050   0.10   0.80  0.0100 |  0.3333  0.3333  0.3333  0.3333 +0.0000  0.3333 |     0     0     0  0.333  0.333     64   0.000 uncommitted
bingham    0.050   0.10   0.90  0.0010 |  0.3333  0.3333  0.3333  0.3333 +0.0000  0.3333 |     0     0     0  0.333  0.333     64   0.000 uncommitted
bingham    0.050   0.10   0.90  0.0100 |  0.3333  0.3333  0.3333  0.3333 +0.0000  0.3333 |     0     0     0  0.333  0.333     64   0.000 uncommitted
bingham    0.050   1.00   0.80  0.0010 |  0.2980  0.8543  0.4628  3.5350 -3.0721  0.0000 |     6     0     0  1.618  4.705      0   2.342 frozen
bingham    0.050   1.00   0.80  0.0100 |  0.2980  0.2110  0.6329  0.8155 -0.1826  0.0006 |     6     0     0  1.334  1.172      0   0.688 frozen
bingham    0.050   1.00   0.90  0.0010 |  0.2980  0.2319  1.1982  0.8494 +0.3488  0.0123 |     6     0     0  1.429  1.367      0   5.601 frozen
bingham    0.050   1.00   0.90  0.0100 |  0.2980  0.2770  1.3840  1.1930 +0.1909  0.0000 |     6     0     0  1.575  1.416      0   5.588 frozen
bingham    0.050  10.00   0.80  0.0010 |  0.2916  0.3041  1.0359  1.0547 -0.0188  0.0000 |   143    25    26  1.439  1.333      0   0.543 mixed
bingham    0.050  10.00   0.80  0.0100 |  0.0660  0.3338  1.2146  1.2614 -0.0468  0.0000 |     0     0     0  1.368  1.334      0   0.174 frozen
bingham    0.050  10.00   0.90  0.0010 |  0.2916  0.2655  1.0050  1.0362 -0.0311  0.0000 |   155    27    27  1.430  1.333      0   0.428 mixed
bingham    0.050  10.00   0.90  0.0100 |  0.0660  0.3338  1.2146  1.2614 -0.0468  0.0000 |     0     0     0  1.368  1.334      0   0.174 frozen
bingham    0.200   0.10   0.80  0.0010 |  0.3333  0.3333  0.3333  0.3333 +0.0000  0.3333 |     0     0     0  0.333  0.333     64   0.000 uncommitted
bingham    0.200   0.10   0.80  0.0100 |  0.3333  0.3333  0.3333  0.3333 +0.0000  0.3333 |     0     0     0  0.333  0.333     64   0.000 uncommitted
bingham    0.200   0.10   0.90  0.0010 |  0.3333  0.3333  0.3333  0.3333 +0.0000  0.3333 |     0     0     0  0.333  0.333     64   0.000 uncommitted
bingham    0.200   0.10   0.90  0.0100 |  0.3333  0.3333  0.3333  0.3333 +0.0000  0.3333 |     0     0     0  0.333  0.333     64   0.000 uncommitted
bingham    0.200   1.00   0.80  0.0010 |  0.2980  0.2667  1.0525  1.0300 +0.0225  0.0002 |     6     0     0  1.514  1.456      0   0.648 frozen
bingham    0.200   1.00   0.80  0.0100 |  0.2980  0.2682  0.7382  0.8616 -0.1234  0.0000 |     6     0     0  1.621  1.416      0   2.298 frozen
bingham    0.200   1.00   0.90  0.0010 |  0.2980  0.2915  1.3091  1.1650 +0.1442  0.0035 |     6     0     0  1.532  1.601      0   2.415 frozen
bingham    0.200   1.00   0.90  0.0100 |  0.2980  0.2555  1.0900  1.0180 +0.0721  0.0006 |     6     0     0  1.381  1.353      0   2.530 frozen
bingham    0.200  10.00   0.80  0.0010 |  0.0771  0.2440  1.2381  0.9485 +0.2896  0.0000 |    89    58    29  1.313  1.333      0   0.438 mixed
bingham    0.200  10.00   0.80  0.0100 |  0.0771  0.3711  1.2381  1.2751 -0.0370  0.0000 |     0     0     0  1.352  1.333      0   0.152 frozen
bingham    0.200  10.00   0.90  0.0010 |  0.0771  0.2311  1.2381  0.9454 +0.2927  0.0000 |    90    58    32  1.308  1.334      0   0.440 mixed
bingham    0.200  10.00   0.90  0.0100 |  0.0771  0.3711  1.2381  1.2751 -0.0370  0.0000 |     0     0     0  1.352  1.333      0   0.152 frozen
bingham    1.000   0.10   0.80  0.0010 |  0.3333  0.1909  0.3333  0.4720 -0.1386  0.0016 |     0     0     0  1.290  1.096      0   0.434 frozen
bingham    1.000   0.10   0.80  0.0100 |  0.3333  0.2382  0.3333  0.6790 -0.3456  0.0001 |     0     0     0  1.306  1.361      0   0.675 frozen
bingham    1.000   0.10   0.90  0.0010 |  0.3333  0.3333  0.3333  0.3333 +0.0000  0.3333 |     0     0     0  0.333  0.333     64   0.000 uncommitted
bingham    1.000   0.10   0.90  0.0100 |  0.3333  0.3333  0.3333  0.3333 +0.0000  0.3333 |     0     0     0  0.333  0.333     64   0.000 uncommitted
bingham    1.000   1.00   0.80  0.0010 |  0.2980  0.1343  0.4754  0.5651 -0.0896  0.2027 |     7     6     1  1.334  0.713      0   1.737 mixed
bingham    1.000   1.00   0.80  0.0100 |  0.2980  0.2571  0.9778  1.0322 -0.0544  0.0005 |     4     4     0  1.325  1.390      0   0.676 mixed
bingham    1.000   1.00   0.90  0.0010 |  0.2980  0.2363  0.9280  0.9317 -0.0038  0.0027 |     6     6     0  1.344  1.320      0   2.490 mixed
bingham    1.000   1.00   0.90  0.0100 |  0.2980  0.2429  0.7936  0.9795 -0.1859  0.0005 |     4     4     0  1.428  1.279      0   2.492 mixed
bingham    1.000  10.00   0.80  0.0010 |  0.0771  0.3711  1.2381  1.2751 -0.0370  0.0000 |     0     0     0  1.352  1.333      0   0.152 frozen
bingham    1.000  10.00   0.80  0.0100 |  0.0771  0.3711  1.2381  1.2751 -0.0370  0.0000 |     0     0     0  1.352  1.333      0   0.152 frozen
bingham    1.000  10.00   0.90  0.0010 |  0.0771  0.3711  1.2381  1.2751 -0.0370  0.0000 |     0     0     0  1.352  1.333      0   0.152 frozen
bingham    1.000  10.00   0.90  0.0100 |  0.0771  0.3711  1.2381  1.2751 -0.0370  0.0000 |     0     0     0  1.352  1.333      0   0.152 frozen
bingham   10.000   0.10   0.80  0.0010 |  0.3333  0.2355  0.3333  0.6588 -0.3255  0.0000 |     0     0     0  1.344  1.342      0   0.570 frozen
bingham   10.000   0.10   0.80  0.0100 |  0.3333  0.2355  0.3333  0.6588 -0.3255  0.0000 |     0     0     0  1.344  1.342      0   0.570 frozen
bingham   10.000   0.10   0.90  0.0010 |  0.3333  0.2238  0.3333  0.6626 -0.3293  0.0000 |     0     0     0  1.224  1.299      0   0.542 frozen
bingham   10.000   0.10   0.90  0.0100 |  0.3333  0.2487  0.3333  0.7487 -0.4154  0.0000 |     0     0     0  1.464  1.414      0   0.607 frozen
bingham   10.000   1.00   0.80  0.0010 |  0.2980  0.2375  0.9384  0.9176 +0.0208  0.0000 |     0     0     0  1.395  1.333      0   0.543 frozen
bingham   10.000   1.00   0.80  0.0100 |  0.2980  0.2375  0.9384  0.9176 +0.0208  0.0000 |     0     0     0  1.395  1.333      0   0.543 frozen
bingham   10.000   1.00   0.90  0.0010 |  0.2980  0.2360  0.8955  0.9021 -0.0066  0.0000 |     0     0     0  1.388  1.334      0   0.554 frozen
bingham   10.000   1.00   0.90  0.0100 |  0.2980  0.2360  0.8955  0.9021 -0.0066  0.0000 |     0     0     0  1.388  1.334      0   0.554 frozen
bingham   10.000  10.00   0.80  0.0010 |  0.0771  0.3711  1.2381  1.2751 -0.0370  0.0000 |     0     0     0  1.352  1.333      0   0.152 frozen
bingham   10.000  10.00   0.80  0.0100 |  0.0771  0.3711  1.2381  1.2751 -0.0370  0.0000 |     0     0     0  1.352  1.333      0   0.152 frozen
bingham   10.000  10.00   0.90  0.0010 |  0.0771  0.3711  1.2381  1.2751 -0.0370  0.0000 |     0     0     0  1.352  1.333      0   0.152 frozen
bingham   10.000  10.00   0.90  0.0100 |  0.0771  0.3711  1.2381  1.2751 -0.0370  0.0000 |     0     0     0  1.352  1.333      0   0.152 frozen
bingham  τ=  0.200 η= 10.00 σ= 0.80 h=0.0100 | A3= 0.3711 asym=-0.0370 | mB= 0 mA3= 0 mid=0.152@t154 frozen
bingham  τ=  0.200 η= 10.00 σ= 0.90 h=0.0100 | A3= 0.3711 asym=-0.0370 | mB= 0 mA3= 0 mid=0.152@t154 frozen
bingham  τ=  1.000 η= 10.00 σ= 0.80 h=0.0010 | A3= 0.3711 asym=-0.0370 | mB= 0 mA3= 0 mid=0.152@t154 frozen
bingham  τ=  1.000 η= 10.00 σ= 0.80 h=0.0100 | A3= 0.3711 asym=-0.0370 | mB= 0 mA3= 0 mid=0.152@t154 frozen
bingham  τ=  1.000 η= 10.00 σ= 0.90 h=0.0010 | A3= 0.3711 asym=-0.0370 | mB= 0 mA3= 0 mid=0.152@t154 frozen
bingham  τ=  1.000 η= 10.00 σ= 0.90 h=0.0100 | A3= 0.3711 asym=-0.0370 | mB= 0 mA3= 0 mid=0.152@t154 frozen
bingham  τ= 10.000 η= 10.00 σ= 0.80 h=0.0010 | A3= 0.3711 asym=-0.0370 | mB= 0 mA3= 0 mid=0.152@t154 frozen
bingham  τ= 10.000 η= 10.00 σ= 0.80 h=0.0100 | A3= 0.3711 asym=-0.0370 | mB= 0 mA3= 0 mid=0.152@t154 frozen
bingham  τ= 10.000 η= 10.00 σ= 0.90 h=0.0010 | A3= 0.3711 asym=-0.0370 | mB= 0 mA3= 0 mid=0.152@t154 frozen
bingham  τ= 10.000 η= 10.00 σ= 0.90 h=0.0100 | A3= 0.3711 asym=-0.0370 | mB= 0 mA3= 0 mid=0.152@t154 frozen
bingham  τ= 10.000 η=  0.10 σ= 0.80 h=0.0010 | A3= 0.2355 asym=-0.3255 | mB= 0 mA3= 0 mid=0.570@t302 frozen
bingham  τ= 10.000 η=  0.10 σ= 0.80 h=0.0100 | A3= 0.2355 asym=-0.3255 | mB= 0 mA3= 0 mid=0.570@t302 frozen
bingham  τ=  0.050 η=  1.00 σ= 0.90 h=0.0100 | A3= 0.2770 asym=+0.1909 | mB= 0 mA3= 0 mid=5.588@t234 frozen
bingham  τ=  0.010 η= 10.00 σ= 0.80 h=0.0100 | A3= 0.3016 asym=-0.0652 | mB= 0 mA3= 0 mid=0.231@t153 frozen
bingham  τ= 10.000 η=  1.00 σ= 0.90 h=0.0010 | A3= 0.2360 asym=-0.0066 | mB= 0 mA3= 0 mid=0.554@t152 frozen
bingham  τ= 10.000 η=  1.00 σ= 0.90 h=0.0100 | A3= 0.2360 asym=-0.0066 | mB= 0 mA3= 0 mid=0.554@t152 frozen
bingham  τ=  0.010 η= 10.00 σ= 0.90 h=0.0100 | A3= 0.3014 asym=-0.0668 | mB= 0 mA3= 0 mid=0.232@t153 frozen
bingham  τ= 10.000 η=  1.00 σ= 0.80 h=0.0010 | A3= 0.2375 asym=+0.0208 | mB= 0 mA3= 0 mid=0.543@t152 frozen
bingham  τ= 10.000 η=  1.00 σ= 0.80 h=0.0100 | A3= 0.2375 asym=+0.0208 | mB= 0 mA3= 0 mid=0.543@t152 frozen
bingham  τ= 10.000 η=  0.10 σ= 0.90 h=0.0100 | A3= 0.2487 asym=-0.4154 | mB= 0 mA3= 0 mid=0.607@t302 frozen
bingham  τ=  0.200 η= 10.00 σ= 0.90 h=0.0010 | A3= 0.2311 asym=+0.2927 | mB=58 mA3=32 mid=0.440@t302 mixed
bingham  τ=  0.050 η= 10.00 σ= 0.80 h=0.0100 | A3= 0.3338 asym=-0.0468 | mB= 0 mA3= 0 mid=0.174@t154 frozen
bingham  τ=  0.050 η= 10.00 σ= 0.90 h=0.0100 | A3= 0.3338 asym=-0.0468 | mB= 0 mA3= 0 mid=0.174@t154 frozen
bingham  τ=  0.200 η=  1.00 σ= 0.80 h=0.0100 | A3= 0.2682 asym=-0.1234 | mB= 0 mA3= 0 mid=2.298@t272 frozen
bingham  τ=  0.010 η=  1.00 σ= 0.80 h=0.0100 | A3= 0.4103 asym=-0.5856 | mB= 0 mA3= 0 mid=2.164@t275 frozen
bingham  τ=  0.050 η= 10.00 σ= 0.80 h=0.0010 | A3= 0.3041 asym=-0.0188 | mB=25 mA3=26 mid=0.543@t39 mixed
bingham  τ=  0.200 η= 10.00 σ= 0.80 h=0.0010 | A3= 0.2440 asym=+0.2896 | mB=58 mA3=29 mid=0.438@t302 mixed
bingham  τ=  0.050 η=  1.00 σ= 0.80 h=0.0010 | A3= 0.8543 asym=-3.0721 | mB= 0 mA3= 0 mid=2.342@t293 frozen
bingham  τ=  0.050 η= 10.00 σ= 0.90 h=0.0010 | A3= 0.2655 asym=-0.0311 | mB=27 mA3=27 mid=0.428@t152 mixed
bingham  τ= 10.000 η=  0.10 σ= 0.90 h=0.0010 | A3= 0.2238 asym=-0.3293 | mB= 0 mA3= 0 mid=0.542@t302 frozen
bingham  τ=  1.000 η=  0.10 σ= 0.80 h=0.0100 | A3= 0.2382 asym=-0.3456 | mB= 0 mA3= 0 mid=0.675@t234 frozen
bingham  τ=  0.200 η=  1.00 σ= 0.80 h=0.0010 | A3= 0.2667 asym=+0.0225 | mB= 0 mA3= 0 mid=0.648@t368 frozen
bingham  τ=  0.010 η=  1.00 σ= 0.90 h=0.0100 | A3= 0.2290 asym=-0.1791 | mB= 0 mA3= 0 mid=2.248@t255 frozen
bingham  τ=  1.000 η=  1.00 σ= 0.90 h=0.0100 | A3= 0.2429 asym=-0.1859 | mB= 4 mA3= 0 mid=2.492@t230 mixed
bingham  τ=  1.000 η=  1.00 σ= 0.80 h=0.0100 | A3= 0.2571 asym=-0.0544 | mB= 4 mA3= 0 mid=0.676@t105 mixed
bingham  τ=  0.200 η=  1.00 σ= 0.90 h=0.0100 | A3= 0.2555 asym=+0.0721 | mB= 0 mA3= 0 mid=2.530@t219 frozen
bingham  τ=  0.050 η=  1.00 σ= 0.80 h=0.0100 | A3= 0.2110 asym=-0.1826 | mB= 0 mA3= 0 mid=0.688@t217 frozen
bingham  τ=  1.000 η=  0.10 σ= 0.80 h=0.0010 | A3= 0.1909 asym=-0.1386 | mB= 0 mA3= 0 mid=0.434@t302 frozen
bingham  τ=  1.000 η=  1.00 σ= 0.90 h=0.0010 | A3= 0.2363 asym=-0.0038 | mB= 6 mA3= 0 mid=2.490@t381 mixed
bingham  τ=  0.200 η=  1.00 σ= 0.90 h=0.0010 | A3= 0.2915 asym=+0.1442 | mB= 0 mA3= 0 mid=2.415@t384 frozen
bingham  τ=  0.050 η=  1.00 σ= 0.90 h=0.0010 | A3= 0.2319 asym=+0.3488 | mB= 0 mA3= 0 mid=5.601@t387 frozen
newtonian   0.001   0.10   0.80  0.0010 |  0.3333  0.3333  0.3333  0.3333 +0.0000  0.3333 |     0     0     0  0.333  0.333     64   0.000 uncommitted
newtonian   0.001   0.10   0.80  0.0100 |  0.3333  0.3333  0.3333  0.3333 +0.0000  0.3333 |     0     0     0  0.333  0.333     64   0.000 uncommitted
newtonian   0.001   0.10   0.90  0.0010 |  0.3333  0.3333  0.3333  0.3333 +0.0000  0.3333 |     0     0     0  0.333  0.333     64   0.000 uncommitted
newtonian   0.001   0.10   0.90  0.0100 |  0.3333  0.3333  0.3333  0.3333 +0.0000  0.3333 |     0     0     0  0.333  0.333     64   0.000 uncommitted
newtonian   0.001   1.00   0.80  0.0010 |  0.3333  0.3333  0.3333  0.3333 +0.0000  0.3333 |     0     0     0  0.333  0.333     64   0.000 uncommitted
newtonian   0.001   1.00   0.80  0.0100 |  0.3333  0.3333  0.3333  0.3333 +0.0000  0.3333 |     0     0     0  0.333  0.333     64   0.000 uncommitted
newtonian   0.001   1.00   0.90  0.0010 |  0.3333  0.3333  0.3333  0.3333 +0.0000  0.3333 |     0     0     0  0.333  0.333     64   0.000 uncommitted
newtonian   0.001   1.00   0.90  0.0100 |  0.3333  0.3333  0.3333  0.3333 +0.0000  0.3333 |     0     0     0  0.333  0.333     64   0.000 uncommitted
newtonian   0.001  10.00   0.80  0.0010 |  0.3333  0.3333  0.3333  0.3333 +0.0000  0.3333 |     0     0     0  0.333  0.333     64   0.000 uncommitted
newtonian   0.001  10.00   0.80  0.0100 |  0.3333  0.3333  0.3333  0.3333 +0.0000  0.3333 |     0     0     0  0.333  0.333     64   0.000 uncommitted
newtonian   0.001  10.00   0.90  0.0010 |  0.3333  0.3333  0.3333  0.3333 +0.0000  0.3333 |     0     0     0  0.333  0.333     64   0.000 uncommitted
newtonian   0.001  10.00   0.90  0.0100 |  0.3333  0.3333  0.3333  0.3333 +0.0000  0.3333 |     0     0     0  0.333  0.333     64   0.000 uncommitted
newtonian   0.010   0.10   0.80  0.0010 |  0.3333  0.3333  0.3333  0.3333 +0.0000  0.3333 |     0     0     0  0.333  0.333     64   0.000 uncommitted
newtonian   0.010   0.10   0.80  0.0100 |  0.3333  0.3333  0.3333  0.3333 +0.0000  0.3333 |     0     0     0  0.333  0.333     64   0.000 uncommitted
newtonian   0.010   0.10   0.90  0.0010 |  0.3333  0.3333  0.3333  0.3333 +0.0000  0.3333 |     0     0     0  0.333  0.333     64   0.000 uncommitted
newtonian   0.010   0.10   0.90  0.0100 |  0.3333  0.3333  0.3333  0.3333 +0.0000  0.3333 |     0     0     0  0.333  0.333     64   0.000 uncommitted
newtonian   0.010   1.00   0.80  0.0010 |  0.3302  0.3312  0.3919  0.3313 +0.0606  0.2876 |     1     0     0  0.304  0.331     64   0.000 consolidated
newtonian   0.010   1.00   0.80  0.0100 |  0.3000  0.2260  0.7783  0.7742 +0.0041  0.0153 |     5     0     0  1.386  1.320      0   4.778 frozen
newtonian   0.010   1.00   0.90  0.0010 |  0.3302  0.3312  0.3919  0.3313 +0.0606  0.2876 |     1     0     0  0.304  0.331     64   0.000 consolidated
newtonian   0.010   1.00   0.90  0.0100 |  0.3000  0.2266  0.7521  0.7495 +0.0026  0.0151 |     5     0     0  1.286  1.323      0   4.944 frozen
newtonian   0.010  10.00   0.80  0.0010 |  0.3330  0.3327  0.3391  0.3328 +0.0063  0.3281 |     1     0     0  0.330  0.333     64   0.000 consolidated
newtonian   0.010  10.00   0.80  0.0100 |  0.0831  0.3021  1.1610  1.2263 -0.0653  0.0000 |     0     0     0  1.390  1.334      0   0.230 frozen
newtonian   0.010  10.00   0.90  0.0010 |  0.3330  0.3327  0.3391  0.3328 +0.0063  0.3281 |     1     0     0  0.330  0.333     64   0.000 consolidated
newtonian   0.010  10.00   0.90  0.0100 |  0.0821  0.3020  1.1595  1.2261 -0.0666  0.0000 |     0     0     0  1.390  1.334      0   0.230 frozen
newtonian   0.050   0.10   0.80  0.0010 |  0.3333  0.3333  0.3333  0.3333 +0.0000  0.3333 |     0     0     0  0.333  0.333     64   0.000 uncommitted
newtonian   0.050   0.10   0.80  0.0100 |  0.3333  0.3333  0.3333  0.3333 +0.0000  0.3333 |     0     0     0  0.333  0.333     64   0.000 uncommitted
newtonian   0.050   0.10   0.90  0.0010 |  0.3333  0.3333  0.3333  0.3333 +0.0000  0.3333 |     0     0     0  0.333  0.333     64   0.000 uncommitted
newtonian   0.050   0.10   0.90  0.0100 |  0.3333  0.3333  0.3333  0.3333 +0.0000  0.3333 |     0     0     0  0.333  0.333     64   0.000 uncommitted
newtonian   0.050   1.00   0.80  0.0010 |  0.2980  0.3492  0.8440  1.2978 -0.4538  0.0094 |     6     0     0  1.343  2.006      0   2.453 frozen
newtonian   0.050   1.00   0.80  0.0100 |  0.2980  0.3492  0.8440  1.2978 -0.4538  0.0094 |     6     0     0  1.343  2.006      0   2.453 frozen
newtonian   0.050   1.00   0.90  0.0010 |  0.2980  0.2216  0.9180  0.7481 +0.1699  0.0009 |     6     0     0  1.389  1.295      4   0.639 consolidated
newtonian   0.050   1.00   0.90  0.0100 |  0.2980  0.2216  0.9180  0.7481 +0.1699  0.0009 |     6     0     0  1.389  1.295      4   0.639 consolidated
newtonian   0.050  10.00   0.80  0.0010 |  0.2916  0.2602  0.9667  1.0324 -0.0658  0.0000 |   126    31    29  1.418  1.334      0   0.448 mixed
newtonian   0.050  10.00   0.80  0.0100 |  0.0660  0.3338  1.2146  1.2614 -0.0468  0.0000 |     0     0     0  1.368  1.334      0   0.174 frozen
newtonian   0.050  10.00   0.90  0.0010 |  0.2916  0.2629  1.0255  1.0520 -0.0265  0.0000 |   141    26    23  1.441  1.333      0   0.479 mixed
newtonian   0.050  10.00   0.90  0.0100 |  0.0660  0.3338  1.2146  1.2614 -0.0468  0.0000 |     0     0     0  1.368  1.334      0   0.174 frozen
newtonian   0.200   0.10   0.80  0.0010 |  0.3333  0.3333  0.3333  0.3333 +0.0000  0.3333 |     0     0     0  0.333  0.333     64   0.000 uncommitted
newtonian   0.200   0.10   0.80  0.0100 |  0.3333  0.3333  0.3333  0.3333 +0.0000  0.3333 |     0     0     0  0.333  0.333     64   0.000 uncommitted
newtonian   0.200   0.10   0.90  0.0010 |  0.3333  0.3333  0.3333  0.3333 +0.0000  0.3333 |     0     0     0  0.333  0.333     64   0.000 uncommitted
newtonian   0.200   0.10   0.90  0.0100 |  0.3333  0.3333  0.3333  0.3333 +0.0000  0.3333 |     0     0     0  0.333  0.333     64   0.000 uncommitted
newtonian   0.200   1.00   0.80  0.0010 |  0.2980  0.3492  0.8440  1.2978 -0.4538  0.0094 |     6     0     0  1.343  2.006      0   2.453 frozen
newtonian   0.200   1.00   0.80  0.0100 |  0.2980  0.3492  0.8440  1.2978 -0.4538  0.0094 |     6     0     0  1.343  2.006      0   2.453 frozen
newtonian   0.200   1.00   0.90  0.0010 |  0.2980  0.2216  0.9180  0.7481 +0.1699  0.0009 |     6     0     0  1.389  1.295      4   0.639 consolidated
newtonian   0.200   1.00   0.90  0.0100 |  0.2980  0.2216  0.9180  0.7481 +0.1699  0.0009 |     6     0     0  1.389  1.295      4   0.639 consolidated
newtonian   0.200  10.00   0.80  0.0010 |  0.0771  0.2385  1.2381  0.9488 +0.2893  0.0000 |    90    58    30  1.313  1.333      0   0.438 mixed
newtonian   0.200  10.00   0.80  0.0100 |  0.0771  0.3711  1.2381  1.2751 -0.0370  0.0000 |     0     0     0  1.352  1.333      0   0.152 frozen
newtonian   0.200  10.00   0.90  0.0010 |  0.0771  0.2279  1.2381  0.9456 +0.2925  0.0000 |    90    58    32  1.308  1.334      0   0.440 mixed
newtonian   0.200  10.00   0.90  0.0100 |  0.0771  0.3711  1.2381  1.2751 -0.0370  0.0000 |     0     0     0  1.352  1.333      0   0.152 frozen
newtonian   1.000   0.10   0.80  0.0010 |  0.3333  0.3333  0.3333  0.3333 +0.0000  0.3333 |     0     0     0  0.333  0.333     64   0.000 uncommitted
newtonian   1.000   0.10   0.80  0.0100 |  0.3333  0.3333  0.3333  0.3333 +0.0000  0.3333 |     0     0     0  0.333  0.333     64   0.000 uncommitted
newtonian   1.000   0.10   0.90  0.0010 |  0.3333  0.3333  0.3333  0.3333 +0.0000  0.3333 |     0     0     0  0.333  0.333     64   0.000 uncommitted
newtonian   1.000   0.10   0.90  0.0100 |  0.3333  0.3333  0.3333  0.3333 +0.0000  0.3333 |     0     0     0  0.333  0.333     64   0.000 uncommitted
newtonian   1.000   1.00   0.80  0.0010 |  0.2980  0.3492  0.8440  1.2978 -0.4538  0.0093 |     6     6     0  1.343  2.006      0   2.428 mixed
newtonian   1.000   1.00   0.80  0.0100 |  0.2980  0.3492  0.8440  1.2978 -0.4538  0.0094 |     6     6     0  1.343  2.006      0   2.452 mixed
newtonian   1.000   1.00   0.90  0.0010 |  0.2980  0.2216  0.9180  0.7481 +0.1699  0.0009 |     6     6     0  1.389  1.295      4   0.626 mixed
newtonian   1.000   1.00   0.90  0.0100 |  0.2980  0.2216  0.9180  0.7481 +0.1699  0.0009 |     6     6     0  1.389  1.295      4   0.639 mixed
newtonian   1.000  10.00   0.80  0.0010 |  0.0771  0.3711  1.2381  1.2751 -0.0370  0.0000 |     0     0     0  1.352  1.333      0   0.152 frozen
newtonian   1.000  10.00   0.80  0.0100 |  0.0771  0.3711  1.2381  1.2751 -0.0370  0.0000 |     0     0     0  1.352  1.333      0   0.152 frozen
newtonian   1.000  10.00   0.90  0.0010 |  0.0771  0.3711  1.2381  1.2751 -0.0370  0.0000 |     0     0     0  1.352  1.333      0   0.152 frozen
newtonian   1.000  10.00   0.90  0.0100 |  0.0771  0.3711  1.2381  1.2751 -0.0370  0.0000 |     0     0     0  1.352  1.333      0   0.152 frozen
newtonian  10.000   0.10   0.80  0.0010 |  0.3333  0.3333  0.3333  0.3333 +0.0000  0.3333 |     0     0     0  0.333  0.333     64   0.000 uncommitted
newtonian  10.000   0.10   0.80  0.0100 |  0.3333  0.3333  0.3333  0.3333 +0.0000  0.3333 |     0     0     0  0.333  0.333     64   0.000 uncommitted
newtonian  10.000   0.10   0.90  0.0010 |  0.3333  0.3333  0.3333  0.3333 +0.0000  0.3333 |     0     0     0  0.333  0.333     64   0.000 uncommitted
newtonian  10.000   0.10   0.90  0.0100 |  0.3333  0.3333  0.3333  0.3333 +0.0000  0.3333 |     0     0     0  0.333  0.333     64   0.000 uncommitted
newtonian  10.000   1.00   0.80  0.0010 |  0.2980  0.2328  0.8440  0.8007 +0.0433  0.0000 |     0     0     0  1.404  1.362      0   0.566 frozen
newtonian  10.000   1.00   0.80  0.0100 |  0.2980  0.2328  0.8440  0.8007 +0.0433  0.0000 |     0     0     0  1.404  1.362      0   0.566 frozen
newtonian  10.000   1.00   0.90  0.0010 |  0.2980  0.2216  0.9180  0.7481 +0.1699  0.0000 |     0     0     0  1.389  1.295      0   0.542 frozen
newtonian  10.000   1.00   0.90  0.0100 |  0.2980  0.2216  0.9180  0.7481 +0.1699  0.0000 |     0     0     0  1.389  1.295      0   0.542 frozen
newtonian  10.000  10.00   0.80  0.0010 |  0.0771  0.3711  1.2381  1.2751 -0.0370  0.0000 |     0     0     0  1.352  1.333      0   0.152 frozen
newtonian  10.000  10.00   0.80  0.0100 |  0.0771  0.3711  1.2381  1.2751 -0.0370  0.0000 |     0     0     0  1.352  1.333      0   0.152 frozen
newtonian  10.000  10.00   0.90  0.0010 |  0.0771  0.3711  1.2381  1.2751 -0.0370  0.0000 |     0     0     0  1.352  1.333      0   0.152 frozen
newtonian  10.000  10.00   0.90  0.0100 |  0.0771  0.3711  1.2381  1.2751 -0.0370  0.0000 |     0     0     0  1.352  1.333      0   0.152 frozen
newtonian τ=  0.200 η= 10.00 σ= 0.80 h=0.0100 | A3= 0.3711 asym=-0.0370 | mB= 0 mA3= 0 mid=0.152@t154 frozen
newtonian τ=  0.200 η= 10.00 σ= 0.90 h=0.0100 | A3= 0.3711 asym=-0.0370 | mB= 0 mA3= 0 mid=0.152@t154 frozen
newtonian τ=  1.000 η= 10.00 σ= 0.80 h=0.0010 | A3= 0.3711 asym=-0.0370 | mB= 0 mA3= 0 mid=0.152@t154 frozen
newtonian τ=  1.000 η= 10.00 σ= 0.80 h=0.0100 | A3= 0.3711 asym=-0.0370 | mB= 0 mA3= 0 mid=0.152@t154 frozen
newtonian τ=  1.000 η= 10.00 σ= 0.90 h=0.0010 | A3= 0.3711 asym=-0.0370 | mB= 0 mA3= 0 mid=0.152@t154 frozen
newtonian τ=  1.000 η= 10.00 σ= 0.90 h=0.0100 | A3= 0.3711 asym=-0.0370 | mB= 0 mA3= 0 mid=0.152@t154 frozen
newtonian τ= 10.000 η= 10.00 σ= 0.80 h=0.0010 | A3= 0.3711 asym=-0.0370 | mB= 0 mA3= 0 mid=0.152@t154 frozen
newtonian τ= 10.000 η= 10.00 σ= 0.80 h=0.0100 | A3= 0.3711 asym=-0.0370 | mB= 0 mA3= 0 mid=0.152@t154 frozen
newtonian τ= 10.000 η= 10.00 σ= 0.90 h=0.0010 | A3= 0.3711 asym=-0.0370 | mB= 0 mA3= 0 mid=0.152@t154 frozen
newtonian τ= 10.000 η= 10.00 σ= 0.90 h=0.0100 | A3= 0.3711 asym=-0.0370 | mB= 0 mA3= 0 mid=0.152@t154 frozen
newtonian τ=  0.200 η= 10.00 σ= 0.90 h=0.0010 | A3= 0.2279 asym=+0.2925 | mB=58 mA3=32 mid=0.440@t302 mixed
newtonian τ=  0.010 η= 10.00 σ= 0.80 h=0.0100 | A3= 0.3021 asym=-0.0653 | mB= 0 mA3= 0 mid=0.230@t153 frozen
newtonian τ=  0.010 η= 10.00 σ= 0.90 h=0.0100 | A3= 0.3020 asym=-0.0666 | mB= 0 mA3= 0 mid=0.230@t153 frozen
newtonian τ= 10.000 η=  1.00 σ= 0.90 h=0.0010 | A3= 0.2216 asym=+0.1699 | mB= 0 mA3= 0 mid=0.542@t302 frozen
newtonian τ= 10.000 η=  1.00 σ= 0.90 h=0.0100 | A3= 0.2216 asym=+0.1699 | mB= 0 mA3= 0 mid=0.542@t302 frozen
newtonian τ= 10.000 η=  1.00 σ= 0.80 h=0.0010 | A3= 0.2328 asym=+0.0433 | mB= 0 mA3= 0 mid=0.566@t302 frozen
newtonian τ= 10.000 η=  1.00 σ= 0.80 h=0.0100 | A3= 0.2328 asym=+0.0433 | mB= 0 mA3= 0 mid=0.566@t302 frozen
newtonian τ=  0.200 η= 10.00 σ= 0.80 h=0.0010 | A3= 0.2385 asym=+0.2893 | mB=58 mA3=30 mid=0.438@t302 mixed
newtonian τ=  0.050 η= 10.00 σ= 0.80 h=0.0010 | A3= 0.2602 asym=-0.0658 | mB=31 mA3=29 mid=0.448@t152 mixed
newtonian τ=  0.050 η= 10.00 σ= 0.80 h=0.0100 | A3= 0.3338 asym=-0.0468 | mB= 0 mA3= 0 mid=0.174@t154 frozen
newtonian τ=  0.050 η= 10.00 σ= 0.90 h=0.0100 | A3= 0.3338 asym=-0.0468 | mB= 0 mA3= 0 mid=0.174@t154 frozen
newtonian τ=  0.050 η= 10.00 σ= 0.90 h=0.0010 | A3= 0.2629 asym=-0.0265 | mB=26 mA3=23 mid=0.479@t62 mixed
newtonian τ=  1.000 η=  1.00 σ= 0.90 h=0.0010 | A3= 0.2216 asym=+0.1699 | mB= 6 mA3= 0 mid=0.626@t384 mixed
newtonian τ=  1.000 η=  1.00 σ= 0.90 h=0.0100 | A3= 0.2216 asym=+0.1699 | mB= 6 mA3= 0 mid=0.639@t384 mixed
newtonian τ=  0.050 η=  1.00 σ= 0.90 h=0.0010 | A3= 0.2216 asym=+0.1699 | mB= 0 mA3= 0 mid=0.639@t384 consolidated
newtonian τ=  0.050 η=  1.00 σ= 0.90 h=0.0100 | A3= 0.2216 asym=+0.1699 | mB= 0 mA3= 0 mid=0.639@t384 consolidated
newtonian τ=  0.200 η=  1.00 σ= 0.90 h=0.0010 | A3= 0.2216 asym=+0.1699 | mB= 0 mA3= 0 mid=0.639@t384 consolidated
newtonian τ=  0.200 η=  1.00 σ= 0.90 h=0.0100 | A3= 0.2216 asym=+0.1699 | mB= 0 mA3= 0 mid=0.639@t384 consolidated
newtonian τ=  1.000 η=  1.00 σ= 0.80 h=0.0010 | A3= 0.3492 asym=-0.4538 | mB= 6 mA3= 0 mid=2.428@t393 mixed
newtonian τ=  0.050 η=  1.00 σ= 0.80 h=0.0010 | A3= 0.3492 asym=-0.4538 | mB= 0 mA3= 0 mid=2.453@t393 frozen
newtonian τ=  0.050 η=  1.00 σ= 0.80 h=0.0100 | A3= 0.3492 asym=-0.4538 | mB= 0 mA3= 0 mid=2.453@t393 frozen
newtonian τ=  0.200 η=  1.00 σ= 0.80 h=0.0010 | A3= 0.3492 asym=-0.4538 | mB= 0 mA3= 0 mid=2.453@t393 frozen
newtonian τ=  0.200 η=  1.00 σ= 0.80 h=0.0100 | A3= 0.3492 asym=-0.4538 | mB= 0 mA3= 0 mid=2.453@t393 frozen
newtonian τ=  1.000 η=  1.00 σ= 0.80 h=0.0100 | A3= 0.3492 asym=-0.4538 | mB= 6 mA3= 0 mid=2.452@t393 mixed
newtonian τ=  0.010 η=  1.00 σ= 0.90 h=0.0100 | A3= 0.2266 asym=+0.0026 | mB= 0 mA3= 0 mid=4.944@t390 frozen
newtonian τ=  0.010 η=  1.00 σ= 0.80 h=0.0100 | A3= 0.2260 asym=+0.0041 | mB= 0 mA3= 0 mid=4.778@t391 frozen
