====================================================================================================
E0b — FP viscoplastic substrate: CONFLICTING task family (A→B→A), symmetry-safe
====================================================================================================
law        yield    eta settle    hard |  lossA1  lossA3  entryB entryA3    asym   final |     m    mB   mA3  retMn   retL   ★end phase
---------------------------------------------------------------------------------------------------------------------------------------
bingham    0.010   0.10  0.005  0.0010 |  0.3333  0.3333  0.3333  0.3333 +0.0000  0.3333 |     0     0     0  0.333  0.333     64 uncommitted
bingham    0.010   0.10  0.005  0.0100 |  0.3333  0.3333  0.3333  0.3333 +0.0000  0.3333 |     0     0     0  0.333  0.333     64 uncommitted
bingham    0.010   1.00  0.005  0.0010 |  0.3333  0.3333  0.3333  0.3333 +0.0000  0.3333 |     0     0     0  0.333  0.333     64 uncommitted
bingham    0.010   1.00  0.005  0.0100 |  0.3333  0.3333  0.3333  0.3333 +0.0000  0.3333 |     0     0     0  0.333  0.333     64 uncommitted
bingham    0.010  10.00  0.005  0.0010 |  0.3333  0.3333  0.3333  0.3333 +0.0000  0.3333 |     0     0     0  0.333  0.333     64 uncommitted
bingham    0.010  10.00  0.005  0.0100 |  0.3333  0.3333  0.3333  0.3333 +0.0000  0.3333 |     0     0     0  0.333  0.333     64 uncommitted
bingham    0.050   0.10  0.005  0.0010 |  0.3333  0.3333  0.3333  0.3333 +0.0000  0.3333 |     0     0     0  0.333  0.333     64 uncommitted
bingham    0.050   0.10  0.005  0.0100 |  0.3333  0.3333  0.3333  0.3333 +0.0000  0.3333 |     0     0     0  0.333  0.333     64 uncommitted
bingham    0.050   1.00  0.005  0.0010 |  0.3333  0.3333  0.3333  0.3333 +0.0000  0.3333 |     0     0     0  0.333  0.333     64 uncommitted
bingham    0.050   1.00  0.005  0.0100 |  0.3333  0.3333  0.3333  0.3333 +0.0000  0.3333 |     0     0     0  0.333  0.333     64 uncommitted
bingham    0.050  10.00  0.005  0.0010 |  0.3333  0.3333  0.3333  0.3333 +0.0000  0.3333 |     0     0     0  0.333  0.333     64 uncommitted
bingham    0.050  10.00  0.005  0.0100 |  0.3333  0.3333  0.3333  0.3333 +0.0000  0.3333 |     0     0     0  0.333  0.333     64 uncommitted
bingham    0.200   0.10  0.005  0.0010 |  0.3333  0.3333  0.3333  0.3333 +0.0000  0.3333 |     0     0     0  0.333  0.333     64 uncommitted
bingham    0.200   0.10  0.005  0.0100 |  0.3333  0.3333  0.3333  0.3333 +0.0000  0.3333 |     0     0     0  0.333  0.333     64 uncommitted
bingham    0.200   0.10  0.050  0.0010 |  0.3333  0.3333  0.3333  0.3333 +0.0000  0.3333 |     0     0     0  0.333  0.333     46 consolidated
bingham    0.200   0.10  0.050  0.0100 |  0.3333  0.3333  0.3333  0.3333 +0.0000  0.3333 |     0     0     0  0.333  0.333     46 consolidated
bingham    0.200   1.00  0.005  0.0010 |  0.3333  0.3333  0.3333  0.3333 +0.0000  0.3333 |     0     0     0  0.333  0.333     64 uncommitted
bingham    0.200   1.00  0.005  0.0100 |  0.3333  0.3333  0.3333  0.3333 +0.0000  0.3333 |     0     0     0  0.333  0.333     64 uncommitted
bingham    0.200   1.00  0.050  0.0010 |  0.3333  0.3333  0.3333  0.3333 +0.0000  0.3333 |     0     0     0  0.333  0.333     46 consolidated
bingham    0.200   1.00  0.050  0.0100 |  0.3333  0.3333  0.3333  0.3333 +0.0000  0.3333 |     0     0     0  0.333  0.333     46 consolidated
bingham    0.200  10.00  0.005  0.0010 |  0.3333  0.3333  0.3333  0.3333 +0.0000  0.3333 |     0     0     0  0.333  0.333     64 uncommitted
bingham    0.200  10.00  0.005  0.0100 |  0.3333  0.3333  0.3333  0.3333 +0.0000  0.3333 |     0     0     0  0.333  0.333     64 uncommitted
bingham    0.200  10.00  0.050  0.0010 |  0.3333  0.3333  0.3333  0.3333 +0.0000  0.3333 |     0     0     0  0.333  0.333     46 consolidated
bingham    0.200  10.00  0.050  0.0100 |  0.3333  0.3333  0.3333  0.3333 +0.0000  0.3333 |     0     0     0  0.333  0.333     46 consolidated
bingham    1.000   0.10  0.005  0.0010 |  0.3333  0.3333  0.3333  0.3333 +0.0000  0.3333 |     0     0     0  0.333  0.333     64 uncommitted
bingham    1.000   0.10  0.005  0.0100 |  0.3333  0.3333  0.3333  0.3333 +0.0000  0.3333 |     0     0     0  0.333  0.333     64 uncommitted
bingham    1.000   0.10  0.050  0.0010 |  0.3333  0.3333  0.3333  0.3333 +0.0000  0.3333 |     0     0     0  0.333  0.333     46 consolidated
bingham    1.000   0.10  0.050  0.0100 |  0.3333  0.3333  0.3333  0.3333 +0.0000  0.3333 |     0     0     0  0.333  0.333     46 consolidated
bingham    1.000   1.00  0.005  0.0010 |  0.3333  0.3333  0.3333  0.3333 +0.0000  0.3333 |     0     0     0  0.333  0.333     64 uncommitted
bingham    1.000   1.00  0.005  0.0100 |  0.3333  0.3333  0.3333  0.3333 +0.0000  0.3333 |     0     0     0  0.333  0.333     64 uncommitted
bingham    1.000   1.00  0.050  0.0010 |  0.3333  0.3333  0.3333  0.3333 +0.0000  0.3333 |     0     0     0  0.333  0.333     46 consolidated
bingham    1.000   1.00  0.050  0.0100 |  0.3333  0.3333  0.3333  0.3333 +0.0000  0.3333 |     0     0     0  0.333  0.333     46 consolidated
bingham    1.000  10.00  0.005  0.0010 |  0.3333  0.3333  0.3333  0.3333 +0.0000  0.3333 |     0     0     0  0.333  0.333     64 uncommitted
bingham    1.000  10.00  0.005  0.0100 |  0.3333  0.3333  0.3333  0.3333 +0.0000  0.3333 |     0     0     0  0.333  0.333     64 uncommitted
bingham    1.000  10.00  0.050  0.0010 |  0.3333  0.3333  0.3333  0.3333 +0.0000  0.3333 |     0     0     0  0.333  0.333     46 consolidated
bingham    1.000  10.00  0.050  0.0100 |  0.3333  0.3333  0.3333  0.3333 +0.0000  0.3333 |     0     0     0  0.333  0.333     46 consolidated
bingham   10.000   0.10  0.005  0.0010 |  0.3333  0.3333  0.3333  0.3333 +0.0000  0.3333 |     0     0     0  0.333  0.333     64 uncommitted
bingham   10.000   0.10  0.005  0.0100 |  0.3333  0.3333  0.3333  0.3333 +0.0000  0.3333 |     0     0     0  0.333  0.333     64 uncommitted
bingham   10.000   0.10  0.050  0.0010 |  0.3333  0.3333  0.3333  0.3333 +0.0000  0.3333 |     0     0     0  0.333  0.333     46 consolidated
bingham   10.000   0.10  0.050  0.0100 |  0.3333  0.3333  0.3333  0.3333 +0.0000  0.3333 |     0     0     0  0.333  0.333     46 consolidated
bingham   10.000   1.00  0.005  0.0010 |  0.3333  0.3333  0.3333  0.3333 +0.0000  0.3333 |     0     0     0  0.333  0.333     64 uncommitted
bingham   10.000   1.00  0.005  0.0100 |  0.3333  0.3333  0.3333  0.3333 +0.0000  0.3333 |     0     0     0  0.333  0.333     64 uncommitted
bingham   10.000   1.00  0.050  0.0010 |  0.3333  0.3333  0.3333  0.3333 +0.0000  0.3333 |     0     0     0  0.333  0.333     46 consolidated
bingham   10.000   1.00  0.050  0.0100 |  0.3333  0.3333  0.3333  0.3333 +0.0000  0.3333 |     0     0     0  0.333  0.333     46 consolidated
bingham   10.000  10.00  0.005  0.0010 |  0.3333  0.3333  0.3333  0.3333 +0.0000  0.3333 |     0     0     0  0.333  0.333     64 uncommitted
bingham   10.000  10.00  0.005  0.0100 |  0.3333  0.3333  0.3333  0.3333 +0.0000  0.3333 |     0     0     0  0.333  0.333     64 uncommitted
bingham   10.000  10.00  0.050  0.0010 |  0.3333  0.3333  0.3333  0.3333 +0.0000  0.3333 |     0     0     0  0.333  0.333     46 consolidated
bingham   10.000  10.00  0.050  0.0100 |  0.3333  0.3333  0.3333  0.3333 +0.0000  0.3333 |     0     0     0  0.333  0.333     46 consolidated
newtonian   0.010   0.10  0.005  0.0010 |  0.3333  0.3333  0.3333  0.3333 +0.0000  0.3333 |     0     0     0  0.333  0.333     64 uncommitted
newtonian   0.010   0.10  0.005  0.0100 |  0.3333  0.3333  0.3333  0.3333 +0.0000  0.3333 |     0     0     0  0.333  0.333     64 uncommitted
newtonian   0.010   1.00  0.005  0.0010 |  0.3333  0.3333  0.3333  0.3333 +0.0000  0.3333 |     0     0     0  0.333  0.333     64 uncommitted
newtonian   0.010   1.00  0.005  0.0100 |  0.3333  0.3333  0.3333  0.3333 +0.0000  0.3333 |     0     0     0  0.333  0.333     64 uncommitted
newtonian   0.010  10.00  0.005  0.0010 |  0.3333  0.3333  0.3333  0.3333 +0.0000  0.3333 |     0     0     0  0.333  0.333     64 uncommitted
newtonian   0.010  10.00  0.005  0.0100 |  0.3333  0.3333  0.3333  0.3333 +0.0000  0.3333 |     0     0     0  0.333  0.333     64 uncommitted
newtonian   0.050   0.10  0.005  0.0010 |  0.3333  0.3333  0.3333  0.3333 +0.0000  0.3333 |     0     0     0  0.333  0.333     64 uncommitted
newtonian   0.050   0.10  0.005  0.0100 |  0.3333  0.3333  0.3333  0.3333 +0.0000  0.3333 |     0     0     0  0.333  0.333     64 uncommitted
newtonian   0.050   1.00  0.005  0.0010 |  0.3333  0.3333  0.3333  0.3333 +0.0000  0.3333 |     0     0     0  0.333  0.333     64 uncommitted
newtonian   0.050   1.00  0.005  0.0100 |  0.3333  0.3333  0.3333  0.3333 +0.0000  0.3333 |     0     0     0  0.333  0.333     64 uncommitted
newtonian   0.050  10.00  0.005  0.0010 |  0.3333  0.3333  0.3333  0.3333 +0.0000  0.3333 |     0     0     0  0.333  0.333     64 uncommitted
newtonian   0.050  10.00  0.005  0.0100 |  0.3333  0.3333  0.3333  0.3333 +0.0000  0.3333 |     0     0     0  0.333  0.333     64 uncommitted
newtonian   0.200   0.10  0.005  0.0010 |  0.3333  0.3333  0.3333  0.3333 +0.0000  0.3333 |     0     0     0  0.333  0.333     64 uncommitted
newtonian   0.200   0.10  0.005  0.0100 |  0.3333  0.3333  0.3333  0.3333 +0.0000  0.3333 |     0     0     0  0.333  0.333     64 uncommitted
newtonian   0.200   0.10  0.050  0.0010 |  0.3333  0.3333  0.3333  0.3333 +0.0000  0.3333 |     0     0     0  0.333  0.333     64 uncommitted
newtonian   0.200   0.10  0.050  0.0100 |  0.3333  0.3333  0.3333  0.3333 +0.0000  0.3333 |     0     0     0  0.333  0.333     64 uncommitted
newtonian   0.200   1.00  0.005  0.0010 |  0.3333  0.3333  0.3333  0.3333 +0.0000  0.3333 |     0     0     0  0.333  0.333     64 uncommitted
newtonian   0.200   1.00  0.005  0.0100 |  0.3333  0.3333  0.3333  0.3333 +0.0000  0.3333 |     0     0     0  0.333  0.333     64 uncommitted
newtonian   0.200   1.00  0.050  0.0010 |  0.2980  0.3323  0.8000  1.3899 -0.5899  0.0005 |     6     0     0  1.584  1.702      0 frozen
newtonian   0.200   1.00  0.050  0.0100 |  0.2980  0.3323  0.8000  1.3899 -0.5899  0.0005 |     6     0     0  1.584  1.702      0 frozen
newtonian   0.200  10.00  0.005  0.0010 |  0.3333  0.3333  0.3333  0.3333 +0.0000  0.3333 |     0     0     0  0.333  0.333     64 uncommitted
newtonian   0.200  10.00  0.005  0.0100 |  0.3333  0.3333  0.3333  0.3333 +0.0000  0.3333 |     0     0     0  0.333  0.333     64 uncommitted
newtonian   0.200  10.00  0.050  0.0010 |  0.3079  0.3171 25.7753  1.2373 +24.5380  0.0000 |    29     6     0  2.191  1.319      0 mixed
newtonian   0.200  10.00  0.050  0.0100 |  0.3079  0.3134 25.7752  1.3042 +24.4710  0.0000 |    18     0     0  2.244  1.481      0 frozen
newtonian   1.000   0.10  0.005  0.0010 |  0.3333  0.3333  0.3333  0.3333 +0.0000  0.3333 |     0     0     0  0.333  0.333     64 uncommitted
newtonian   1.000   0.10  0.005  0.0100 |  0.3333  0.3333  0.3333  0.3333 +0.0000  0.3333 |     0     0     0  0.333  0.333     64 uncommitted
newtonian   1.000   0.10  0.050  0.0010 |  0.3333  0.3333  0.3333  0.3333 +0.0000  0.3333 |     0     0     0  0.333  0.333     64 uncommitted
newtonian   1.000   0.10  0.050  0.0100 |  0.3333  0.3333  0.3333  0.3333 +0.0000  0.3333 |     0     0     0  0.333  0.333     64 uncommitted
newtonian   1.000   1.00  0.005  0.0010 |  0.3333  0.3333  0.3333  0.3333 +0.0000  0.3333 |     0     0     0  0.333  0.333     64 uncommitted
newtonian   1.000   1.00  0.005  0.0100 |  0.3333  0.3333  0.3333  0.3333 +0.0000  0.3333 |     0     0     0  0.333  0.333     64 uncommitted
newtonian   1.000   1.00  0.050  0.0010 |  0.2980  0.3341  0.8000  1.3949 -0.5949  0.0004 |     6     6     0  1.583  1.717      0 mixed
newtonian   1.000   1.00  0.050  0.0100 |  0.2980  0.2204  0.8000  0.6961 +0.1039  0.0000 |     4     4     0  1.353  1.126      0 mixed
newtonian   1.000  10.00  0.005  0.0010 |  0.3333  0.3333  0.3333  0.3333 +0.0000  0.3333 |     0     0     0  0.333  0.333     64 uncommitted
newtonian   1.000  10.00  0.005  0.0100 |  0.3333  0.3333  0.3333  0.3333 +0.0000  0.3333 |     0     0     0  0.333  0.333     64 uncommitted
newtonian   1.000  10.00  0.050  0.0010 |  0.3079  0.2811  1.2448  1.2474 -0.0026  0.1590 |    34     8    10  1.634  1.502      4 mixed
newtonian   1.000  10.00  0.050  0.0100 |  0.3079  0.8800  0.8271  2.9102 -2.0831  0.0002 |    32    15     0  9.882  2.917      0 mixed
newtonian  10.000   0.10  0.005  0.0010 |  0.3333  0.3333  0.3333  0.3333 +0.0000  0.3333 |     0     0     0  0.333  0.333     64 uncommitted
newtonian  10.000   0.10  0.005  0.0100 |  0.3333  0.3333  0.3333  0.3333 +0.0000  0.3333 |     0     0     0  0.333  0.333     64 uncommitted
newtonian  10.000   0.10  0.050  0.0010 |  0.3333  0.3333  0.3333  0.3333 +0.0000  0.3333 |     0     0     0  0.333  0.333     64 uncommitted
newtonian  10.000   0.10  0.050  0.0100 |  0.3333  0.3333  0.3333  0.3333 +0.0000  0.3333 |     0     0     0  0.333  0.333     64 uncommitted
newtonian  10.000   1.00  0.005  0.0010 |  0.3333  0.3333  0.3333  0.3333 +0.0000  0.3333 |     0     0     0  0.333  0.333     64 uncommitted
newtonian  10.000   1.00  0.005  0.0100 |  0.3333  0.3333  0.3333  0.3333 +0.0000  0.3333 |     0     0     0  0.333  0.333     64 uncommitted
newtonian  10.000   1.00  0.050  0.0010 |  0.2980  0.2287  0.8000  0.8034 -0.0035  0.0000 |     0     0     0  1.408  1.328      0 frozen
newtonian  10.000   1.00  0.050  0.0100 |  0.2980  0.2287  0.8000  0.8034 -0.0035  0.0000 |     0     0     0  1.408  1.328      0 frozen
newtonian  10.000  10.00  0.005  0.0010 |  0.3333  0.3333  0.3333  0.3333 +0.0000  0.3333 |     0     0     0  0.333  0.333     64 uncommitted
newtonian  10.000  10.00  0.005  0.0100 |  0.3333  0.3333  0.3333  0.3333 +0.0000  0.3333 |     0     0     0  0.333  0.333     64 uncommitted
newtonian  10.000  10.00  0.050  0.0010 |  0.3079  0.2543  1.0261  1.1040 -0.0779  0.0000 |     0     0     0  1.523  1.335      0 frozen
newtonian  10.000  10.00  0.050  0.0100 |  0.3079  0.2543  1.0261  1.1040 -0.0779  0.0000 |     0     0     0  1.523  1.335      0 frozen

====================================================================================================
BEST LEARNERS (final < 0.15), sorted by final loss
====================================================================================================
newtonian τ= 10.000 η=  1.00 σ= 0.050 h=0.0010 | A3= 0.2287 entryB= 0.8000 entryA3= 0.8034 asym=-0.0035 | mB= 0 mA3= 0 ret= 1.408→ 1.328 frozen
newtonian τ= 10.000 η=  1.00 σ= 0.050 h=0.0100 | A3= 0.2287 entryB= 0.8000 entryA3= 0.8034 asym=-0.0035 | mB= 0 mA3= 0 ret= 1.408→ 1.328 frozen
newtonian τ= 10.000 η= 10.00 σ= 0.050 h=0.0010 | A3= 0.2543 entryB= 1.0261 entryA3= 1.1040 asym=-0.0779 | mB= 0 mA3= 0 ret= 1.523→ 1.335 frozen
newtonian τ= 10.000 η= 10.00 σ= 0.050 h=0.0100 | A3= 0.2543 entryB= 1.0261 entryA3= 1.1040 asym=-0.0779 | mB= 0 mA3= 0 ret= 1.523→ 1.335 frozen
newtonian τ=  0.200 η= 10.00 σ= 0.050 h=0.0010 | A3= 0.3171 entryB=25.7753 entryA3= 1.2373 asym=+24.5380 | mB= 6 mA3= 0 ret= 2.191→ 1.319 mixed
newtonian τ=  1.000 η=  1.00 σ= 0.050 h=0.0100 | A3= 0.2204 entryB= 0.8000 entryA3= 0.6961 asym=+0.1039 | mB= 4 mA3= 0 ret= 1.353→ 1.126 mixed
newtonian τ=  0.200 η= 10.00 σ= 0.050 h=0.0100 | A3= 0.3134 entryB=25.7752 entryA3= 1.3042 asym=+24.4710 | mB= 0 mA3= 0 ret= 2.244→ 1.481 frozen
newtonian τ=  1.000 η= 10.00 σ= 0.050 h=0.0100 | A3= 0.8800 entryB= 0.8271 entryA3= 2.9102 asym=-2.0831 | mB=15 mA3= 0 ret= 9.882→ 2.917 mixed
newtonian τ=  1.000 η=  1.00 σ= 0.050 h=0.0010 | A3= 0.3341 entryB= 0.8000 entryA3= 1.3949 asym=-0.5949 | mB= 6 mA3= 0 ret= 1.583→ 1.717 mixed
newtonian τ=  0.200 η=  1.00 σ= 0.050 h=0.0010 | A3= 0.3323 entryB= 0.8000 entryA3= 1.3899 asym=-0.5899 | mB= 0 mA3= 0 ret= 1.584→ 1.702 frozen
newtonian τ=  0.200 η=  1.00 σ= 0.050 h=0.0100 | A3= 0.3323 entryB= 0.8000 entryA3= 1.3899 asym=-0.5899 | mB= 0 mA3= 0 ret= 1.584→ 1.702 frozen

====================================================================================================
VERDICT CHECKS (preregistered)
====================================================================================================
LIVENESS (post-seed distinct-site re-melts):     5 / 96
uncommitted   points:  66 / 96
frozen        points:  7 / 96
consolidated  points:  18 / 96
mixed         points:  5 / 96
runaway       points:  0 / 96
Points that learn the task (final < 0.15):       11 / 96
Return-trip asymmetry among learners: min=-2.0831 median=-0.0779 max=+24.5380; positive: 3/11
K3 violation candidates (learned B but zero re-melts): 7
