==============================================================================================================
E0c — phase-machine sweep (P1-P5 vs E0b2 residual defects), preregistered [mode=bingham]
==============================================================================================================
law        yield    eta settle    hard |  lossA1  lossA3  entryB entryA3    asym   final |     m    mB   mA3  retMn   retL   ★end  midjmp phase
bingham    0.001   0.10   0.80  0.0010 |  0.3333  0.3333  0.3333  0.3333 +0.0000  0.3333 |     0     0     0  0.333  0.333     64   0.000 uncommitted
bingham    0.001   0.10   0.80  0.0100 |  0.3333  0.3333  0.3333  0.3333 +0.0000  0.3333 |     0     0     0  0.333  0.333     64   0.000 uncommitted
bingham    0.001   0.10   0.90  0.0010 |  0.3333  0.3333  0.3333  0.3333 +0.0000  0.3333 |     0     0     0  0.333  0.333     64   0.000 uncommitted
bingham    0.001   0.10   0.90  0.0100 |  0.3333  0.3333  0.3333  0.3333 +0.0000  0.3333 |     0     0     0  0.333  0.333     64   0.000 uncommitted
bingham    0.001   1.00   0.80  0.0010 |  0.3333  0.3333  0.3333  0.3333 +0.0000  0.3333 |     0     0     0  0.333  0.333     64   0.000 uncommitted
bingham    0.001   1.00   0.80  0.0100 |  0.3333  0.3333  0.3333  0.3333 +0.0000  0.3333 |     0     0     0  0.333  0.333     64   0.000 uncommitted
bingham    0.001   1.00   0.90  0.0010 |  0.3333  0.3333  0.3333  0.3333 +0.0000  0.3333 |     0     0     0  0.333  0.333     64   0.000 uncommitted
bingham    0.001   1.00   0.90  0.0100 |  0.3333  0.3333  0.3333  0.3333 +0.0000  0.3333 |     0     0     0  0.333  0.333     64   0.000 uncommitted
bingham    0.001  10.00   0.80  0.0010 |  0.3333  0.3333  0.3333  0.3333 +0.0000  0.3333 |     0     0     0  0.333  0.333     64   0.000 uncommitted
bingham    0.001  10.00   0.80  0.0100 |  0.3333  0.3333  0.3333  0.3333 +0.0000  0.3333 |     0     0     0  0.333  0.333     64   0.000 uncommitted
bingham    0.001  10.00   0.90  0.0010 |  0.3333  0.3333  0.3333  0.3333 +0.0000  0.3333 |     0     0     0  0.333  0.333     64   0.000 uncommitted
bingham    0.001  10.00   0.90  0.0100 |  0.3333  0.3333  0.3333  0.3333 +0.0000  0.3333 |     0     0     0  0.333  0.333     64   0.000 uncommitted
bingham    0.010   0.10   0.80  0.0010 |  0.3333  0.3333  0.3333  0.3333 +0.0000  0.3333 |     0     0     0  0.333  0.333     64   0.000 uncommitted
bingham    0.010   0.10   0.80  0.0100 |  0.3333  0.3333  0.3333  0.3333 +0.0000  0.3333 |     0     0     0  0.333  0.333     64   0.000 uncommitted
bingham    0.010   0.10   0.90  0.0010 |  0.3333  0.3333  0.3333  0.3333 +0.0000  0.3333 |     0     0     0  0.333  0.333     64   0.000 uncommitted
bingham    0.010   0.10   0.90  0.0100 |  0.3333  0.3333  0.3333  0.3333 +0.0000  0.3333 |     0     0     0  0.333  0.333     64   0.000 uncommitted
bingham    0.010   1.00   0.80  0.0010 |  0.3302  0.3310  0.3922  0.3311 +0.0611  0.2874 |     1     1     0  0.304  0.331     64   0.001 mixed
bingham    0.010   1.00   0.80  0.0100 |  0.3047  0.2964  0.7574  1.1930 -0.4356  0.0023 |     5     0     1  1.599  1.556      0   1.674 mixed
bingham    0.010   1.00   0.90  0.0010 |  0.3302  0.3310  0.3922  0.3311 +0.0611  0.2874 |     1     1     0  0.304  0.331     64   0.001 mixed
bingham    0.010   1.00   0.90  0.0100 |  0.3047  0.6572  0.6493  2.5819 -1.9326  0.0110 |     5     0     1  1.331  1.275      0   1.658 mixed
bingham    0.010  10.00   0.80  0.0010 |  0.3330  0.3327  0.3391  0.3327 +0.0063  0.3281 |     1     1     0  0.330  0.333     64   0.000 mixed
bingham    0.010  10.00   0.80  0.0100 |  0.2662  0.2406  1.1314  1.1122 +0.0192  0.0006 |   398    29    42  1.407  1.290     49   0.272 mixed
bingham    0.010  10.00   0.90  0.0010 |  0.3330  0.3327  0.3391  0.3327 +0.0063  0.3281 |     1     1     0  0.330  0.333     64   0.000 mixed
bingham    0.010  10.00   0.90  0.0100 |  0.2662  0.2593  1.0836  1.1662 -0.0826  0.0002 |   394    34    40  1.408  1.321     41   0.282 mixed
bingham    0.050   0.10   0.80  0.0010 |  0.3333  0.3333  0.3333  0.3333 +0.0000  0.3333 |     0     0     0  0.333  0.333     64   0.000 uncommitted
bingham    0.050   0.10   0.80  0.0100 |  0.3333  0.3333  0.3333  0.3333 +0.0000  0.3333 |     0     0     0  0.333  0.333     64   0.000 uncommitted
bingham    0.050   0.10   0.90  0.0010 |  0.3333  0.3333  0.3333  0.3333 +0.0000  0.3333 |     0     0     0  0.333  0.333     64   0.000 uncommitted
bingham    0.050   0.10   0.90  0.0100 |  0.3333  0.3333  0.3333  0.3333 +0.0000  0.3333 |     0     0     0  0.333  0.333     64   0.000 uncommitted
bingham    0.050   1.00   0.80  0.0010 |  0.3047  0.2266  1.4303  0.8924 +0.5379  0.0435 |     7     1     0  1.464  1.278      2   1.589 mixed
bingham    0.050   1.00   0.80  0.0100 |  0.3047  0.2458  1.5799  1.0029 +0.5770  0.0001 |     6     0     0  1.484  1.284      0   0.933 frozen
bingham    0.050   1.00   0.90  0.0010 |  0.3047  0.2589  0.5363  0.9682 -0.4319  0.0436 |    19     1     3  1.392  1.469      3   0.979 mixed
bingham    0.050   1.00   0.90  0.0100 |  0.3047  0.2200  0.8067  0.9309 -0.1242  0.0039 |    27     3     3  1.464  1.091      0   0.944 mixed
bingham    0.050  10.00   0.80  0.0010 |  0.3136  0.2370  0.9725  1.0091 -0.0366  0.0018 |   315    33    34  1.439  1.316     30   0.409 mixed
bingham    0.050  10.00   0.80  0.0100 |  0.2373  0.2568  1.2867  1.1656 +0.1210  0.0072 |   416    33    35  1.346  1.329     54   0.260 mixed
bingham    0.050  10.00   0.90  0.0010 |  0.3136  0.2906  1.0790  1.3349 -0.2559  0.0005 |   344    26    29  1.454  1.514     24   0.437 mixed
bingham    0.050  10.00   0.90  0.0100 |  0.2373  0.2877  1.1494  1.2148 -0.0654  0.0005 |   387    39    39  1.387  1.367     30   0.256 mixed
bingham    0.200   0.10   0.80  0.0010 |  0.3333  0.3333  0.3333  0.3333 +0.0000  0.3333 |     0     0     0  0.333  0.333     64   0.000 uncommitted
bingham    0.200   0.10   0.80  0.0100 |  0.3333  0.3333  0.3333  0.3333 +0.0000  0.3333 |     0     0     0  0.333  0.333     64   0.000 uncommitted
bingham    0.200   0.10   0.90  0.0010 |  0.3333  0.3333  0.3333  0.3333 +0.0000  0.3333 |     0     0     0  0.333  0.333     64   0.000 uncommitted
bingham    0.200   0.10   0.90  0.0100 |  0.3333  0.3333  0.3333  0.3333 +0.0000  0.3333 |     0     0     0  0.333  0.333     64   0.000 uncommitted
bingham    0.200   1.00   0.80  0.0010 |  0.3047  0.5170  0.8036  1.5852 -0.7816  0.0013 |     4     0     0  1.491  2.746      0   1.432 frozen
bingham    0.200   1.00   0.80  0.0100 |  0.3047  0.2429  1.7452  1.0159 +0.7293  0.0000 |     6     0     0  1.644  1.240      0   1.412 frozen
bingham    0.200   1.00   0.90  0.0010 |  0.3047  0.2481  0.6733  0.9434 -0.2701  0.0938 |     5     0     1  1.350  1.378      0   0.752 mixed
bingham    0.200   1.00   0.90  0.0100 |  0.3047  0.2322  0.4086  0.8392 -0.4306  0.0000 |     5     1     0  1.472  1.246      0   1.423 mixed
bingham    0.200  10.00   0.80  0.0010 |  0.2157  0.2430  1.1527  1.1260 +0.0267  0.0010 |   387    29    28  1.320  1.326     49   0.274 mixed
bingham    0.200  10.00   0.80  0.0100 |  0.2157  0.2738  1.1565  1.1900 -0.0335  0.0011 |   411    34    38  1.360  1.347     49   0.266 mixed
bingham    0.200  10.00   0.90  0.0010 |  0.2157  0.2574  1.2464  1.1845 +0.0620  0.0001 |   378    32    29  1.383  1.381     43   0.309 mixed
bingham    0.200  10.00   0.90  0.0100 |  0.2157  0.2921  1.1200  1.1769 -0.0569  0.0033 |   376    30    38  1.342  1.332     44   0.248 mixed
bingham    1.000   0.10   0.80  0.0010 |  0.3333  0.2247  0.3333  0.6762 -0.3429  0.0022 |     0     0     0  1.280  1.345      0   0.572 frozen
bingham    1.000   0.10   0.80  0.0100 |  0.3333  0.2407  0.3333  0.5575 -0.2242  0.0005 |     0     0     0  1.311  1.370      0   0.513 frozen
bingham    1.000   0.10   0.90  0.0010 |  0.3333  0.3333  0.3333  0.3333 +0.0000  0.3333 |     0     0     0  0.333  0.333     64   0.000 uncommitted
bingham    1.000   0.10   0.90  0.0100 |  0.3333  0.3333  0.3333  0.3333 +0.0000  0.3333 |     0     0     0  0.333  0.333     64   0.000 uncommitted
bingham    1.000   1.00   0.80  0.0010 |  0.3047  0.2283  0.8380  0.8588 -0.0208  0.0000 |     8     0     0  1.438  1.237      0   0.830 frozen
bingham    1.000   1.00   0.80  0.0100 |  0.3047  0.2619  1.0586  1.0505 +0.0081  0.0000 |    10     0     0  1.405  1.385      0   0.837 frozen
bingham    1.000   1.00   0.90  0.0010 |  0.3047  0.2017  1.6057  1.5513 +0.0544  0.0000 |     6     1     0  1.564  1.867      0   1.378 mixed
bingham    1.000   1.00   0.90  0.0100 |  0.3047  0.3137  0.8038  1.1557 -0.3519  0.0000 |    51     2     2  1.295  0.850      0   1.061 mixed
bingham    1.000  10.00   0.80  0.0010 |  0.2157  0.2539  1.2332  1.1036 +0.1296  0.0001 |   390    34    29  1.304  1.343     50   0.316 mixed
bingham    1.000  10.00   0.80  0.0100 |  0.2157  0.2415  1.2019  1.1027 +0.0992  0.0005 |   393    30    35  1.361  1.338     41   0.317 mixed
bingham    1.000  10.00   0.90  0.0010 |  0.2157  0.2655  1.1474  1.2210 -0.0736  0.0001 |   410    37    39  1.419  1.337     45   0.241 mixed
bingham    1.000  10.00   0.90  0.0100 |  0.2157  0.2452  1.2761  1.0952 +0.1809  0.0034 |   386    32    34  1.380  1.322     38   0.274 mixed
bingham   10.000   0.10   0.80  0.0010 |  0.3333  0.2309  0.3333  0.5632 -0.2298  0.0000 |     0     0     0  1.339  1.348      0   0.526 frozen
bingham   10.000   0.10   0.80  0.0100 |  0.3333  0.2293  0.3333  0.5548 -0.2215  0.0000 |     0     0     0  1.300  1.341      0   0.521 frozen
bingham   10.000   0.10   0.90  0.0010 |  0.3333  0.2125  0.3333  0.7071 -0.3738  0.0007 |     0     0     0  1.335  1.332      0   0.542 frozen
bingham   10.000   0.10   0.90  0.0100 |  0.3333  0.2125  0.3333  0.7071 -0.3738  0.0007 |     0     0     0  1.335  1.332      0   0.542 frozen
bingham   10.000   1.00   0.80  0.0010 |  0.3047  0.2538  1.4285  1.0236 +0.4049  0.0000 |    12     0     0  1.499  1.337      0   1.081 frozen
bingham   10.000   1.00   0.80  0.0100 |  0.3047  0.2538  1.4285  1.0236 +0.4049  0.0000 |    12     0     0  1.499  1.337      0   1.081 frozen
bingham   10.000   1.00   0.90  0.0010 |  0.3047  0.2530  2.1741  1.0270 +1.1471  0.0000 |     8     0     0  1.487  1.334      0   1.738 frozen
bingham   10.000   1.00   0.90  0.0100 |  0.3047  0.2530  2.1741  1.0270 +1.1471  0.0000 |     8     0     0  1.487  1.334      0   1.738 frozen
bingham   10.000  10.00   0.80  0.0010 |  0.2157  0.2343  1.2244  1.0385 +0.1858  0.0001 |   389    32    30  1.327  1.258     37   0.312 mixed
bingham   10.000  10.00   0.80  0.0100 |  0.2157  0.2892  1.2304  1.2393 -0.0089  0.0003 |   386    29    38  1.322  1.433     39   0.298 mixed
bingham   10.000  10.00   0.90  0.0010 |  0.2157  0.3280  1.1776  1.4251 -0.2475  0.0009 |   368    35    32  1.424  1.582     38   0.272 mixed
bingham   10.000  10.00   0.90  0.0100 |  0.2157  0.2613  1.1782  1.1840 -0.0058  0.0002 |   386    37    42  1.436  1.335     38   0.243 mixed
bingham  τ=  1.000 η=  1.00 σ= 0.90 h=0.0010 | A3= 0.2017 asym=+0.0544 | mB= 1 mA3= 0 mid=1.378@t231 mixed
bingham  τ=  0.200 η=  1.00 σ= 0.80 h=0.0100 | A3= 0.2429 asym=+0.7293 | mB= 0 mA3= 0 mid=1.412@t201 frozen
bingham  τ= 10.000 η=  1.00 σ= 0.90 h=0.0100 | A3= 0.2530 asym=+1.1471 | mB= 0 mA3= 0 mid=1.738@t135 frozen
bingham  τ= 10.000 η=  1.00 σ= 0.90 h=0.0010 | A3= 0.2530 asym=+1.1471 | mB= 0 mA3= 0 mid=1.738@t135 frozen
bingham  τ= 10.000 η=  0.10 σ= 0.80 h=0.0010 | A3= 0.2309 asym=-0.2298 | mB= 0 mA3= 0 mid=0.526@t302 frozen
bingham  τ= 10.000 η=  1.00 σ= 0.80 h=0.0010 | A3= 0.2538 asym=+0.4049 | mB= 0 mA3= 0 mid=1.081@t117 frozen
bingham  τ= 10.000 η=  1.00 σ= 0.80 h=0.0100 | A3= 0.2538 asym=+0.4049 | mB= 0 mA3= 0 mid=1.081@t117 frozen
bingham  τ= 10.000 η=  0.10 σ= 0.80 h=0.0100 | A3= 0.2293 asym=-0.2215 | mB= 0 mA3= 0 mid=0.521@t302 frozen
bingham  τ=  1.000 η=  1.00 σ= 0.90 h=0.0100 | A3= 0.3137 asym=-0.3519 | mB= 2 mA3= 2 mid=1.061@t297 mixed
bingham  τ=  1.000 η=  1.00 σ= 0.80 h=0.0010 | A3= 0.2283 asym=-0.0208 | mB= 0 mA3= 0 mid=0.830@t111 frozen
bingham  τ=  1.000 η=  1.00 σ= 0.80 h=0.0100 | A3= 0.2619 asym=+0.0081 | mB= 0 mA3= 0 mid=0.837@t240 frozen
bingham  τ=  0.200 η=  1.00 σ= 0.90 h=0.0100 | A3= 0.2322 asym=-0.4306 | mB= 1 mA3= 0 mid=1.423@t270 mixed
bingham  τ=  0.050 η=  1.00 σ= 0.80 h=0.0100 | A3= 0.2458 asym=+0.5770 | mB= 0 mA3= 0 mid=0.933@t138 frozen
bingham  τ=  1.000 η= 10.00 σ= 0.80 h=0.0010 | A3= 0.2539 asym=+0.1296 | mB=34 mA3=29 mid=0.316@t302 mixed
bingham  τ= 10.000 η= 10.00 σ= 0.80 h=0.0010 | A3= 0.2343 asym=+0.1858 | mB=32 mA3=30 mid=0.312@t303 mixed
bingham  τ=  0.200 η= 10.00 σ= 0.90 h=0.0010 | A3= 0.2574 asym=+0.0620 | mB=32 mA3=29 mid=0.309@t303 mixed
bingham  τ=  1.000 η= 10.00 σ= 0.90 h=0.0010 | A3= 0.2655 asym=-0.0736 | mB=37 mA3=39 mid=0.241@t303 mixed
bingham  τ=  0.010 η= 10.00 σ= 0.90 h=0.0100 | A3= 0.2593 asym=-0.0826 | mB=34 mA3=40 mid=0.282@t303 mixed
bingham  τ= 10.000 η= 10.00 σ= 0.90 h=0.0100 | A3= 0.2613 asym=-0.0058 | mB=37 mA3=42 mid=0.243@t303 mixed
bingham  τ= 10.000 η= 10.00 σ= 0.80 h=0.0100 | A3= 0.2892 asym=-0.0089 | mB=29 mA3=38 mid=0.298@t303 mixed
bingham  τ=  0.050 η= 10.00 σ= 0.90 h=0.0100 | A3= 0.2877 asym=-0.0654 | mB=39 mA3=39 mid=0.256@t303 mixed
bingham  τ=  0.050 η= 10.00 σ= 0.90 h=0.0010 | A3= 0.2906 asym=-0.2559 | mB=26 mA3=29 mid=0.437@t302 mixed
bingham  τ=  1.000 η=  0.10 σ= 0.80 h=0.0100 | A3= 0.2407 asym=-0.2242 | mB= 0 mA3= 0 mid=0.513@t302 frozen
bingham  τ=  1.000 η= 10.00 σ= 0.80 h=0.0100 | A3= 0.2415 asym=+0.0992 | mB=30 mA3=35 mid=0.317@t302 mixed
bingham  τ=  0.010 η= 10.00 σ= 0.80 h=0.0100 | A3= 0.2406 asym=+0.0192 | mB=29 mA3=42 mid=0.272@t303 mixed
bingham  τ= 10.000 η=  0.10 σ= 0.90 h=0.0010 | A3= 0.2125 asym=-0.3738 | mB= 0 mA3= 0 mid=0.542@t302 frozen
bingham  τ= 10.000 η=  0.10 σ= 0.90 h=0.0100 | A3= 0.2125 asym=-0.3738 | mB= 0 mA3= 0 mid=0.542@t302 frozen
bingham  τ= 10.000 η= 10.00 σ= 0.90 h=0.0010 | A3= 0.3280 asym=-0.2475 | mB=35 mA3=32 mid=0.272@t303 mixed
bingham  τ=  0.200 η= 10.00 σ= 0.80 h=0.0010 | A3= 0.2430 asym=+0.0267 | mB=29 mA3=28 mid=0.274@t302 mixed
bingham  τ=  0.200 η= 10.00 σ= 0.80 h=0.0100 | A3= 0.2738 asym=-0.0335 | mB=34 mA3=38 mid=0.266@t303 mixed
bingham  τ=  0.200 η=  1.00 σ= 0.80 h=0.0010 | A3= 0.5170 asym=-0.7816 | mB= 0 mA3= 0 mid=1.432@t379 frozen
bingham  τ=  0.050 η= 10.00 σ= 0.80 h=0.0010 | A3= 0.2370 asym=-0.0366 | mB=33 mA3=34 mid=0.409@t302 mixed
bingham  τ=  1.000 η=  0.10 σ= 0.80 h=0.0010 | A3= 0.2247 asym=-0.3429 | mB= 0 mA3= 0 mid=0.572@t302 frozen
bingham  τ=  0.010 η=  1.00 σ= 0.80 h=0.0100 | A3= 0.2964 asym=-0.4356 | mB= 0 mA3= 1 mid=1.674@t224 mixed
bingham  τ=  0.200 η= 10.00 σ= 0.90 h=0.0100 | A3= 0.2921 asym=-0.0569 | mB=30 mA3=38 mid=0.248@t303 mixed
bingham  τ=  1.000 η= 10.00 σ= 0.90 h=0.0100 | A3= 0.2452 asym=+0.1809 | mB=32 mA3=34 mid=0.274@t302 mixed
bingham  τ=  0.050 η=  1.00 σ= 0.90 h=0.0100 | A3= 0.2200 asym=-0.1242 | mB= 3 mA3= 3 mid=0.944@t387 mixed
bingham  τ=  0.050 η= 10.00 σ= 0.80 h=0.0100 | A3= 0.2568 asym=+0.1210 | mB=33 mA3=35 mid=0.260@t303 mixed
bingham  τ=  0.010 η=  1.00 σ= 0.90 h=0.0100 | A3= 0.6572 asym=-1.9326 | mB= 0 mA3= 1 mid=1.658@t249 mixed
bingham  τ=  0.050 η=  1.00 σ= 0.80 h=0.0010 | A3= 0.2266 asym=+0.5379 | mB= 1 mA3= 0 mid=1.589@t386 mixed
bingham  τ=  0.050 η=  1.00 σ= 0.90 h=0.0010 | A3= 0.2589 asym=-0.4319 | mB= 1 mA3= 3 mid=0.979@t415 mixed
bingham  τ=  0.200 η=  1.00 σ= 0.90 h=0.0010 | A3= 0.2481 asym=-0.2701 | mB= 0 mA3= 1 mid=0.752@t375 mixed
newtonian   0.001   0.10   0.80  0.0010 |  0.3333  0.3333  0.3333  0.3333 +0.0000  0.3333 |     0     0     0  0.333  0.333     64   0.000 uncommitted
newtonian   0.001   0.10   0.80  0.0100 |  0.3333  0.3333  0.3333  0.3333 +0.0000  0.3333 |     0     0     0  0.333  0.333     64   0.000 uncommitted
newtonian   0.001   0.10   0.90  0.0010 |  0.3333  0.3333  0.3333  0.3333 +0.0000  0.3333 |     0     0     0  0.333  0.333     64   0.000 uncommitted
newtonian   0.001   0.10   0.90  0.0100 |  0.3333  0.3333  0.3333  0.3333 +0.0000  0.3333 |     0     0     0  0.333  0.333     64   0.000 uncommitted
newtonian   0.001   1.00   0.80  0.0010 |  0.3333  0.3333  0.3333  0.3333 +0.0000  0.3333 |     0     0     0  0.333  0.333     64   0.000 uncommitted
newtonian   0.001   1.00   0.80  0.0100 |  0.3333  0.3333  0.3333  0.3333 +0.0000  0.3333 |     0     0     0  0.333  0.333     64   0.000 uncommitted
newtonian   0.001   1.00   0.90  0.0010 |  0.3333  0.3333  0.3333  0.3333 +0.0000  0.3333 |     0     0     0  0.333  0.333     64   0.000 uncommitted
newtonian   0.001   1.00   0.90  0.0100 |  0.3333  0.3333  0.3333  0.3333 +0.0000  0.3333 |     0     0     0  0.333  0.333     64   0.000 uncommitted
newtonian   0.001  10.00   0.80  0.0010 |  0.3333  0.3333  0.3333  0.3333 +0.0000  0.3333 |     0     0     0  0.333  0.333     64   0.000 uncommitted
newtonian   0.001  10.00   0.80  0.0100 |  0.3333  0.3333  0.3333  0.3333 +0.0000  0.3333 |     0     0     0  0.333  0.333     64   0.000 uncommitted
newtonian   0.001  10.00   0.90  0.0010 |  0.3333  0.3333  0.3333  0.3333 +0.0000  0.3333 |     0     0     0  0.333  0.333     64   0.000 uncommitted
newtonian   0.001  10.00   0.90  0.0100 |  0.3333  0.3333  0.3333  0.3333 +0.0000  0.3333 |     0     0     0  0.333  0.333     64   0.000 uncommitted
newtonian   0.010   0.10   0.80  0.0010 |  0.3333  0.3333  0.3333  0.3333 +0.0000  0.3333 |     0     0     0  0.333  0.333     64   0.000 uncommitted
newtonian   0.010   0.10   0.80  0.0100 |  0.3333  0.3333  0.3333  0.3333 +0.0000  0.3333 |     0     0     0  0.333  0.333     64   0.000 uncommitted
newtonian   0.010   0.10   0.90  0.0010 |  0.3333  0.3333  0.3333  0.3333 +0.0000  0.3333 |     0     0     0  0.333  0.333     64   0.000 uncommitted
newtonian   0.010   0.10   0.90  0.0100 |  0.3333  0.3333  0.3333  0.3333 +0.0000  0.3333 |     0     0     0  0.333  0.333     64   0.000 uncommitted
newtonian   0.010   1.00   0.80  0.0010 |  0.3302  0.3310  0.3922  0.3311 +0.0611  0.2874 |     1     1     0  0.304  0.331     64   0.001 mixed
newtonian   0.010   1.00   0.80  0.0100 |  0.3047  0.2777  0.9792  1.1206 -0.1414  0.0986 |     5     0     1  1.510  1.477      2   0.675 mixed
newtonian   0.010   1.00   0.90  0.0010 |  0.3302  0.3310  0.3922  0.3311 +0.0611  0.2874 |     1     1     0  0.304  0.331     64   0.001 mixed
newtonian   0.010   1.00   0.90  0.0100 |  0.3047  0.2209  0.8069  0.7493 +0.0576  0.0019 |     9     1     1  1.375  1.294      4   0.538 mixed
newtonian   0.010  10.00   0.80  0.0010 |  0.3330  0.3327  0.3391  0.3327 +0.0063  0.3281 |     1     1     0  0.330  0.333     64   0.000 mixed
newtonian   0.010  10.00   0.80  0.0100 |  0.2662  0.2665  1.1519  1.1505 +0.0014  0.0000 |   408    31    33  1.390  1.313     40   0.262 mixed
newtonian   0.010  10.00   0.90  0.0010 |  0.3330  0.3327  0.3391  0.3327 +0.0063  0.3281 |     1     1     0  0.330  0.333     64   0.000 mixed
newtonian   0.010  10.00   0.90  0.0100 |  0.2662  0.2417  1.2035  1.1388 +0.0647  0.0063 |   386    39    43  1.426  1.402     44   0.336 mixed
newtonian   0.050   0.10   0.80  0.0010 |  0.3333  0.3333  0.3333  0.3333 +0.0000  0.3333 |     0     0     0  0.333  0.333     64   0.000 uncommitted
newtonian   0.050   0.10   0.80  0.0100 |  0.3333  0.3333  0.3333  0.3333 +0.0000  0.3333 |     0     0     0  0.333  0.333     64   0.000 uncommitted
newtonian   0.050   0.10   0.90  0.0010 |  0.3333  0.3333  0.3333  0.3333 +0.0000  0.3333 |     0     0     0  0.333  0.333     64   0.000 uncommitted
newtonian   0.050   0.10   0.90  0.0100 |  0.3333  0.3333  0.3333  0.3333 +0.0000  0.3333 |     0     0     0  0.333  0.333     64   0.000 uncommitted
newtonian   0.050   1.00   0.80  0.0010 |  0.3047  0.2777  0.9792  1.1206 -0.1414  0.0986 |     5     0     1  1.510  1.477      2   0.675 mixed
newtonian   0.050   1.00   0.80  0.0100 |  0.3047  0.2777  0.9792  1.1206 -0.1414  0.0986 |     5     0     1  1.510  1.477      2   0.675 mixed
newtonian   0.050   1.00   0.90  0.0010 |  0.3047  0.2209  0.8069  0.7493 +0.0576  0.0019 |     9     1     1  1.375  1.294      4   0.538 mixed
newtonian   0.050   1.00   0.90  0.0100 |  0.3047  0.2209  0.8069  0.7493 +0.0576  0.0019 |     9     1     1  1.375  1.294      4   0.538 mixed
newtonian   0.050  10.00   0.80  0.0010 |  0.3136  0.2376  0.8819  1.0223 -0.1404  0.0008 |   344    34    21  1.436  1.330     31   0.418 mixed
newtonian   0.050  10.00   0.80  0.0100 |  0.2373  0.2666  1.0234  1.1267 -0.1033  0.0001 |   391    31    34  1.336  1.331     38   0.288 mixed
newtonian   0.050  10.00   0.90  0.0010 |  0.3136  0.2197  1.0154  0.9916 +0.0239  0.0003 |   287    28    27  1.442  1.309     38   0.415 mixed
newtonian   0.050  10.00   0.90  0.0100 |  0.2373  0.2419  1.1832  1.1009 +0.0822  0.0000 |   351    35    32  1.359  1.291     40   0.285 mixed
newtonian   0.200   0.10   0.80  0.0010 |  0.3333  0.3333  0.3333  0.3333 +0.0000  0.3333 |     0     0     0  0.333  0.333     64   0.000 uncommitted
newtonian   0.200   0.10   0.80  0.0100 |  0.3333  0.3333  0.3333  0.3333 +0.0000  0.3333 |     0     0     0  0.333  0.333     64   0.000 uncommitted
newtonian   0.200   0.10   0.90  0.0010 |  0.3333  0.3333  0.3333  0.3333 +0.0000  0.3333 |     0     0     0  0.333  0.333     64   0.000 uncommitted
newtonian   0.200   0.10   0.90  0.0100 |  0.3333  0.3333  0.3333  0.3333 +0.0000  0.3333 |     0     0     0  0.333  0.333     64   0.000 uncommitted
newtonian   0.200   1.00   0.80  0.0010 |  0.3047  0.2777  0.9792  1.1206 -0.1414  0.0986 |     5     0     1  1.510  1.477      2   0.675 mixed
newtonian   0.200   1.00   0.80  0.0100 |  0.3047  0.2777  0.9792  1.1206 -0.1414  0.0986 |     5     0     1  1.510  1.477      2   0.675 mixed
newtonian   0.200   1.00   0.90  0.0010 |  0.3047  0.2209  0.8069  0.7493 +0.0576  0.0019 |     9     1     1  1.375  1.294      4   0.538 mixed
newtonian   0.200   1.00   0.90  0.0100 |  0.3047  0.2209  0.8069  0.7493 +0.0576  0.0019 |     9     1     1  1.375  1.294      4   0.538 mixed
newtonian   0.200  10.00   0.80  0.0010 |  0.2157  0.2712  1.1637  1.2498 -0.0861  0.0036 |   392    35    31  1.355  1.429     49   0.289 mixed
newtonian   0.200  10.00   0.80  0.0100 |  0.2157  0.2712  1.1637  1.2498 -0.0861  0.0036 |   392    35    31  1.355  1.429     49   0.289 mixed
newtonian   0.200  10.00   0.90  0.0010 |  0.2157  0.2466  1.1263  1.1467 -0.0204  0.0028 |   370    30    32  1.356  1.329     46   0.293 mixed
newtonian   0.200  10.00   0.90  0.0100 |  0.2157  0.2466  1.1263  1.1467 -0.0204  0.0028 |   370    30    32  1.356  1.329     46   0.293 mixed
newtonian   1.000   0.10   0.80  0.0010 |  0.3333  0.3333  0.3333  0.3333 +0.0000  0.3333 |     0     0     0  0.333  0.333     64   0.000 uncommitted
newtonian   1.000   0.10   0.80  0.0100 |  0.3333  0.3333  0.3333  0.3333 +0.0000  0.3333 |     0     0     0  0.333  0.333     64   0.000 uncommitted
newtonian   1.000   0.10   0.90  0.0010 |  0.3333  0.3333  0.3333  0.3333 +0.0000  0.3333 |     0     0     0  0.333  0.333     64   0.000 uncommitted
newtonian   1.000   0.10   0.90  0.0100 |  0.3333  0.3333  0.3333  0.3333 +0.0000  0.3333 |     0     0     0  0.333  0.333     64   0.000 uncommitted
newtonian   1.000   1.00   0.80  0.0010 |  0.3047  0.2777  0.9792  1.1206 -0.1414  0.0986 |     5     0     1  1.510  1.477      2   0.675 mixed
newtonian   1.000   1.00   0.80  0.0100 |  0.3047  0.2777  0.9792  1.1206 -0.1414  0.0986 |     5     0     1  1.510  1.477      2   0.675 mixed
newtonian   1.000   1.00   0.90  0.0010 |  0.3047  0.2209  0.8069  0.7493 +0.0576  0.0019 |     9     1     1  1.375  1.294      4   0.538 mixed
newtonian   1.000   1.00   0.90  0.0100 |  0.3047  0.2209  0.8069  0.7493 +0.0576  0.0019 |     9     1     1  1.375  1.294      4   0.538 mixed
newtonian   1.000  10.00   0.80  0.0010 |  0.2157  0.2712  1.1637  1.2498 -0.0861  0.0036 |   392    35    31  1.355  1.429     49   0.289 mixed
newtonian   1.000  10.00   0.80  0.0100 |  0.2157  0.2712  1.1637  1.2498 -0.0861  0.0036 |   392    35    31  1.355  1.429     49   0.289 mixed
newtonian   1.000  10.00   0.90  0.0010 |  0.2157  0.2466  1.1263  1.1467 -0.0204  0.0028 |   370    30    32  1.356  1.329     46   0.293 mixed
newtonian   1.000  10.00   0.90  0.0100 |  0.2157  0.2466  1.1263  1.1467 -0.0204  0.0028 |   370    30    32  1.356  1.329     46   0.293 mixed
newtonian  10.000   0.10   0.80  0.0010 |  0.3333  0.3333  0.3333  0.3333 +0.0000  0.3333 |     0     0     0  0.333  0.333     64   0.000 uncommitted
newtonian  10.000   0.10   0.80  0.0100 |  0.3333  0.3333  0.3333  0.3333 +0.0000  0.3333 |     0     0     0  0.333  0.333     64   0.000 uncommitted
newtonian  10.000   0.10   0.90  0.0010 |  0.3333  0.3333  0.3333  0.3333 +0.0000  0.3333 |     0     0     0  0.333  0.333     64   0.000 uncommitted
newtonian  10.000   0.10   0.90  0.0100 |  0.3333  0.3333  0.3333  0.3333 +0.0000  0.3333 |     0     0     0  0.333  0.333     64   0.000 uncommitted
newtonian  10.000   1.00   0.80  0.0010 |  0.3047  0.2777  0.9792  1.1206 -0.1414  0.0986 |     5     0     1  1.510  1.477      2   0.675 mixed
newtonian  10.000   1.00   0.80  0.0100 |  0.3047  0.2777  0.9792  1.1206 -0.1414  0.0986 |     5     0     1  1.510  1.477      2   0.675 mixed
newtonian  10.000   1.00   0.90  0.0010 |  0.3047  0.2209  0.8069  0.7493 +0.0576  0.0019 |     9     1     1  1.375  1.294      4   0.538 mixed
newtonian  10.000   1.00   0.90  0.0100 |  0.3047  0.2209  0.8069  0.7493 +0.0576  0.0019 |     9     1     1  1.375  1.294      4   0.538 mixed
newtonian  10.000  10.00   0.80  0.0010 |  0.2157  0.2712  1.1637  1.2498 -0.0861  0.0036 |   392    35    31  1.355  1.429     49   0.289 mixed
newtonian  10.000  10.00   0.80  0.0100 |  0.2157  0.2712  1.1637  1.2498 -0.0861  0.0036 |   392    35    31  1.355  1.429     49   0.289 mixed
newtonian  10.000  10.00   0.90  0.0010 |  0.2157  0.2466  1.1263  1.1467 -0.0204  0.0028 |   370    30    32  1.356  1.329     46   0.293 mixed
newtonian  10.000  10.00   0.90  0.0100 |  0.2157  0.2466  1.1263  1.1467 -0.0204  0.0028 |   370    30    32  1.356  1.329     46   0.293 mixed
newtonian τ=  0.010 η= 10.00 σ= 0.80 h=0.0100 | A3= 0.2665 asym=+0.0014 | mB=31 mA3=33 mid=0.262@t303 mixed
newtonian τ=  0.050 η= 10.00 σ= 0.90 h=0.0100 | A3= 0.2419 asym=+0.0822 | mB=35 mA3=32 mid=0.285@t303 mixed
newtonian τ=  0.050 η= 10.00 σ= 0.80 h=0.0100 | A3= 0.2666 asym=-0.1033 | mB=31 mA3=34 mid=0.288@t303 mixed
newtonian τ=  0.050 η= 10.00 σ= 0.90 h=0.0010 | A3= 0.2197 asym=+0.0239 | mB=28 mA3=27 mid=0.415@t302 mixed
newtonian τ=  0.050 η= 10.00 σ= 0.80 h=0.0010 | A3= 0.2376 asym=-0.1404 | mB=34 mA3=21 mid=0.418@t302 mixed
newtonian τ=  0.010 η=  1.00 σ= 0.90 h=0.0100 | A3= 0.2209 asym=+0.0576 | mB= 1 mA3= 1 mid=0.538@t302 mixed
newtonian τ=  0.050 η=  1.00 σ= 0.90 h=0.0010 | A3= 0.2209 asym=+0.0576 | mB= 1 mA3= 1 mid=0.538@t302 mixed
newtonian τ=  0.050 η=  1.00 σ= 0.90 h=0.0100 | A3= 0.2209 asym=+0.0576 | mB= 1 mA3= 1 mid=0.538@t302 mixed
newtonian τ=  0.200 η=  1.00 σ= 0.90 h=0.0010 | A3= 0.2209 asym=+0.0576 | mB= 1 mA3= 1 mid=0.538@t302 mixed
newtonian τ=  0.200 η=  1.00 σ= 0.90 h=0.0100 | A3= 0.2209 asym=+0.0576 | mB= 1 mA3= 1 mid=0.538@t302 mixed
newtonian τ=  1.000 η=  1.00 σ= 0.90 h=0.0010 | A3= 0.2209 asym=+0.0576 | mB= 1 mA3= 1 mid=0.538@t302 mixed
newtonian τ=  1.000 η=  1.00 σ= 0.90 h=0.0100 | A3= 0.2209 asym=+0.0576 | mB= 1 mA3= 1 mid=0.538@t302 mixed
newtonian τ= 10.000 η=  1.00 σ= 0.90 h=0.0010 | A3= 0.2209 asym=+0.0576 | mB= 1 mA3= 1 mid=0.538@t302 mixed
newtonian τ= 10.000 η=  1.00 σ= 0.90 h=0.0100 | A3= 0.2209 asym=+0.0576 | mB= 1 mA3= 1 mid=0.538@t302 mixed
newtonian τ=  0.200 η= 10.00 σ= 0.90 h=0.0010 | A3= 0.2466 asym=-0.0204 | mB=30 mA3=32 mid=0.293@t303 mixed
newtonian τ=  0.200 η= 10.00 σ= 0.90 h=0.0100 | A3= 0.2466 asym=-0.0204 | mB=30 mA3=32 mid=0.293@t303 mixed
newtonian τ=  1.000 η= 10.00 σ= 0.90 h=0.0010 | A3= 0.2466 asym=-0.0204 | mB=30 mA3=32 mid=0.293@t303 mixed
newtonian τ=  1.000 η= 10.00 σ= 0.90 h=0.0100 | A3= 0.2466 asym=-0.0204 | mB=30 mA3=32 mid=0.293@t303 mixed
newtonian τ= 10.000 η= 10.00 σ= 0.90 h=0.0010 | A3= 0.2466 asym=-0.0204 | mB=30 mA3=32 mid=0.293@t303 mixed
newtonian τ= 10.000 η= 10.00 σ= 0.90 h=0.0100 | A3= 0.2466 asym=-0.0204 | mB=30 mA3=32 mid=0.293@t303 mixed
newtonian τ=  0.200 η= 10.00 σ= 0.80 h=0.0010 | A3= 0.2712 asym=-0.0861 | mB=35 mA3=31 mid=0.289@t303 mixed
newtonian τ=  0.200 η= 10.00 σ= 0.80 h=0.0100 | A3= 0.2712 asym=-0.0861 | mB=35 mA3=31 mid=0.289@t303 mixed
newtonian τ=  1.000 η= 10.00 σ= 0.80 h=0.0010 | A3= 0.2712 asym=-0.0861 | mB=35 mA3=31 mid=0.289@t303 mixed
newtonian τ=  1.000 η= 10.00 σ= 0.80 h=0.0100 | A3= 0.2712 asym=-0.0861 | mB=35 mA3=31 mid=0.289@t303 mixed
newtonian τ= 10.000 η= 10.00 σ= 0.80 h=0.0010 | A3= 0.2712 asym=-0.0861 | mB=35 mA3=31 mid=0.289@t303 mixed
newtonian τ= 10.000 η= 10.00 σ= 0.80 h=0.0100 | A3= 0.2712 asym=-0.0861 | mB=35 mA3=31 mid=0.289@t303 mixed
newtonian τ=  0.010 η= 10.00 σ= 0.90 h=0.0100 | A3= 0.2417 asym=+0.0647 | mB=39 mA3=43 mid=0.336@t302 mixed
newtonian τ=  0.010 η=  1.00 σ= 0.80 h=0.0100 | A3= 0.2777 asym=-0.1414 | mB= 0 mA3= 1 mid=0.675@t245 mixed
newtonian τ=  0.050 η=  1.00 σ= 0.80 h=0.0010 | A3= 0.2777 asym=-0.1414 | mB= 0 mA3= 1 mid=0.675@t245 mixed
newtonian τ=  0.050 η=  1.00 σ= 0.80 h=0.0100 | A3= 0.2777 asym=-0.1414 | mB= 0 mA3= 1 mid=0.675@t245 mixed
newtonian τ=  0.200 η=  1.00 σ= 0.80 h=0.0010 | A3= 0.2777 asym=-0.1414 | mB= 0 mA3= 1 mid=0.675@t245 mixed
newtonian τ=  0.200 η=  1.00 σ= 0.80 h=0.0100 | A3= 0.2777 asym=-0.1414 | mB= 0 mA3= 1 mid=0.675@t245 mixed
newtonian τ=  1.000 η=  1.00 σ= 0.80 h=0.0010 | A3= 0.2777 asym=-0.1414 | mB= 0 mA3= 1 mid=0.675@t245 mixed
newtonian τ=  1.000 η=  1.00 σ= 0.80 h=0.0100 | A3= 0.2777 asym=-0.1414 | mB= 0 mA3= 1 mid=0.675@t245 mixed
newtonian τ= 10.000 η=  1.00 σ= 0.80 h=0.0010 | A3= 0.2777 asym=-0.1414 | mB= 0 mA3= 1 mid=0.675@t245 mixed
newtonian τ= 10.000 η=  1.00 σ= 0.80 h=0.0100 | A3= 0.2777 asym=-0.1414 | mB= 0 mA3= 1 mid=0.675@t245 mixed
