==============================================================================================================
E0c′ — phase-machine sweep with P5″ trajectory continuity (Amendment 2), preregistered [mode=bingham]
==============================================================================================================
law        yield    eta settle    hard |  lossA1  lossA3  entryB entryA3    asym   final |     m    mB   mA3  retMn   retL   ★end  midjmp phase
bingham    0.001   0.10   0.80  0.0010 |  0.3333  0.3333  0.3333  0.3333 +0.0000  0.3333 |     0     0     0  0.333  0.333     64   0.000 uncommitted
bingham    0.001   0.10   0.80  0.0100 |  0.3333  0.3333  0.3333  0.3333 +0.0000  0.3333 |     0     0     0  0.333  0.333     64   0.000 uncommitted
bingham    0.001   0.10   0.90  0.0010 |  0.3333  0.3333  0.3333  0.3333 +0.0000  0.3333 |     0     0     0  0.333  0.333     64   0.000 uncommitted
bingham    0.001   0.10   0.90  0.0100 |  0.3333  0.3333  0.3333  0.3333 +0.0000  0.3333 |     0     0     0  0.333  0.333     64   0.000 uncommitted
bingham    0.001   1.00   0.80  0.0010 |  0.3333  0.3333  0.3333  0.3333 +0.0000  0.3333 |     0     0     0  0.333  0.333     64   0.000 uncommitted
bingham    0.001   1.00   0.80  0.0100 |  0.3333  0.3333  0.3333  0.3333 +0.0000  0.3333 |     0     0     0  0.333  0.333     64   0.000 uncommitted
bingham    0.001   1.00   0.90  0.0010 |  0.3333  0.3333  0.3333  0.3333 +0.0000  0.3333 |     0     0     0  0.333  0.333     64   0.000 uncommitted
bingham    0.001   1.00   0.90  0.0100 |  0.3333  0.3333  0.3333  0.3333 +0.0000  0.3333 |     0     0     0  0.333  0.333     64   0.000 uncommitted
bingham    0.001  10.00   0.80  0.0010 |  0.3333  0.3333  0.3333  0.3333 +0.0000  0.3333 |     0     0     0  0.333  0.333     64   0.000 uncommitted
bingham    0.001  10.00   0.80  0.0100 |  0.3333  0.3333  0.3333  0.3333 +0.0000  0.3333 |     0     0     0  0.333  0.333     64   0.000 uncommitted
bingham    0.001  10.00   0.90  0.0010 |  0.3333  0.3333  0.3333  0.3333 +0.0000  0.3333 |     0     0     0  0.333  0.333     64   0.000 uncommitted
bingham    0.001  10.00   0.90  0.0100 |  0.3333  0.3333  0.3333  0.3333 +0.0000  0.3333 |     0     0     0  0.333  0.333     64   0.000 uncommitted
bingham    0.010   0.10   0.80  0.0010 |  0.3333  0.3333  0.3333  0.3333 +0.0000  0.3333 |     0     0     0  0.333  0.333     64   0.000 uncommitted
bingham    0.010   0.10   0.80  0.0100 |  0.3333  0.3333  0.3333  0.3333 +0.0000  0.3333 |     0     0     0  0.333  0.333     64   0.000 uncommitted
bingham    0.010   0.10   0.90  0.0010 |  0.3333  0.3333  0.3333  0.3333 +0.0000  0.3333 |     0     0     0  0.333  0.333     64   0.000 uncommitted
bingham    0.010   0.10   0.90  0.0100 |  0.3333  0.3333  0.3333  0.3333 +0.0000  0.3333 |     0     0     0  0.333  0.333     64   0.000 uncommitted
bingham    0.010   1.00   0.80  0.0010 |  0.3302  0.3310  0.3922  0.3311 +0.0611  0.2874 |     1     1     0  0.304  0.331     64   0.001 mixed
bingham    0.010   1.00   0.80  0.0100 |  0.3160  0.2159  1.6423  0.7411 +0.9012  0.0000 |    53    18    12  1.403  1.333     17   0.543 mixed
bingham    0.010   1.00   0.90  0.0010 |  0.3302  0.3310  0.3922  0.3311 +0.0611  0.2874 |     1     1     0  0.304  0.331     64   0.001 mixed
bingham    0.010   1.00   0.90  0.0100 |  0.3160  0.2129  1.6258  0.7440 +0.8818  0.0000 |    44    23     8  1.385  1.327     23   0.536 mixed
bingham    0.010  10.00   0.80  0.0010 |  0.3330  0.3327  0.3391  0.3327 +0.0063  0.3281 |     1     1     0  0.330  0.333     64   0.000 mixed
bingham    0.010  10.00   0.80  0.0100 |  0.2881  0.2448  1.1928  1.1124 +0.0804  0.0001 |   385    30    35  1.408  1.325     36   0.303 mixed
bingham    0.010  10.00   0.90  0.0010 |  0.3330  0.3327  0.3391  0.3327 +0.0063  0.3281 |     1     1     0  0.330  0.333     64   0.000 mixed
bingham    0.010  10.00   0.90  0.0100 |  0.2881  0.2378  1.1226  1.0952 +0.0274  0.0000 |   263    28    29  1.399  1.336     20   0.330 mixed
bingham    0.050   0.10   0.80  0.0010 |  0.3333  0.3333  0.3333  0.3333 +0.0000  0.3333 |     0     0     0  0.333  0.333     64   0.000 uncommitted
bingham    0.050   0.10   0.80  0.0100 |  0.3333  0.3333  0.3333  0.3333 +0.0000  0.3333 |     0     0     0  0.333  0.333     64   0.000 uncommitted
bingham    0.050   0.10   0.90  0.0010 |  0.3333  0.3333  0.3333  0.3333 +0.0000  0.3333 |     0     0     0  0.333  0.333     64   0.000 uncommitted
bingham    0.050   0.10   0.90  0.0100 |  0.3333  0.3333  0.3333  0.3333 +0.0000  0.3333 |     0     0     0  0.333  0.333     64   0.000 uncommitted
bingham    0.050   1.00   0.80  0.0010 |  0.3160  0.2137  1.6372  0.7564 +0.8808  0.0001 |    55    21    12  1.393  1.329     18   0.536 mixed
bingham    0.050   1.00   0.80  0.0100 |  0.3160  0.2159  1.6423  0.7412 +0.9011  0.0004 |    55    19    12  1.403  1.333     16   0.543 mixed
bingham    0.050   1.00   0.90  0.0010 |  0.3160  0.2225  1.6248  0.6206 +1.0041  0.0000 |    46    20    13  1.372  1.314     27   0.536 mixed
bingham    0.050   1.00   0.90  0.0100 |  0.3160  0.2146  1.6339  0.7521 +0.8818  0.0000 |    42    23     9  1.391  1.336     28   0.541 mixed
bingham    0.050  10.00   0.80  0.0010 |  0.3138  0.2539  0.9613  1.0197 -0.0584  0.0000 |   274    28    25  1.435  1.342     26   0.429 mixed
bingham    0.050  10.00   0.80  0.0100 |  0.2676  0.2585  1.1892  1.1629 +0.0263  0.0003 |   410    26    29  1.403  1.352     43   0.280 mixed
bingham    0.050  10.00   0.90  0.0010 |  0.3138  0.2461  1.0139  1.0505 -0.0366  0.0000 |   232    22    18  1.429  1.340     26   0.394 mixed
bingham    0.050  10.00   0.90  0.0100 |  0.2676  0.2359  1.1649  1.0790 +0.0859  0.0005 |   338    28    34  1.393  1.335     35   0.335 mixed
bingham    0.200   0.10   0.80  0.0010 |  0.3333  0.3333  0.3333  0.3333 +0.0000  0.3333 |     0     0     0  0.333  0.333     64   0.000 uncommitted
bingham    0.200   0.10   0.80  0.0100 |  0.3333  0.3333  0.3333  0.3333 +0.0000  0.3333 |     0     0     0  0.333  0.333     64   0.000 uncommitted
bingham    0.200   0.10   0.90  0.0010 |  0.3333  0.3333  0.3333  0.3333 +0.0000  0.3333 |     0     0     0  0.333  0.333     64   0.000 uncommitted
bingham    0.200   0.10   0.90  0.0100 |  0.3333  0.3333  0.3333  0.3333 +0.0000  0.3333 |     0     0     0  0.333  0.333     64   0.000 uncommitted
bingham    0.200   1.00   0.80  0.0010 |  0.3160  0.2202  1.6423  0.6434 +0.9989  0.0000 |    48    20    11  1.402  1.327     12   0.542 mixed
bingham    0.200   1.00   0.80  0.0100 |  0.3160  0.2235  1.6423  0.5785 +1.0637  0.0000 |    66    22    15  1.360  1.319      8   0.527 mixed
bingham    0.200   1.00   0.90  0.0010 |  0.3160  0.2164  1.6339  0.7880 +0.8459  0.0000 |    41    21     8  1.392  1.331     23   0.530 mixed
bingham    0.200   1.00   0.90  0.0100 |  0.3160  0.2157  1.6372  0.7921 +0.8450  0.0011 |    39    18    10  1.399  1.334     25   0.532 mixed
bingham    0.200  10.00   0.80  0.0010 |  0.2400  0.2298  1.2261  1.0744 +0.1517  0.0001 |   369    23    29  1.346  1.335     40   0.338 mixed
bingham    0.200  10.00   0.80  0.0100 |  0.2400  0.2254  1.2195  0.9807 +0.2388  0.0001 |   338    25    38  1.329  1.314     35   0.392 mixed
bingham    0.200  10.00   0.90  0.0010 |  0.2400  0.2221  1.2000  1.0573 +0.1427  0.0040 |   350    30    35  1.361  1.341     43   0.353 mixed
bingham    0.200  10.00   0.90  0.0100 |  0.2400  0.2694  1.1625  1.1838 -0.0213  0.0001 |   381    32    36  1.384  1.351     44   0.271 mixed
bingham    1.000   0.10   0.80  0.0010 |  0.3333  0.2078  0.3333  0.6590 -0.3256  0.0000 |    18    10     7  1.236  1.333     17   0.531 mixed
bingham    1.000   0.10   0.80  0.0100 |  0.3333  0.2079  0.3333  0.6600 -0.3267  0.0000 |    27    14     9  1.229  1.334     23   0.531 mixed
bingham    1.000   0.10   0.90  0.0010 |  0.3333  0.3333  0.3333  0.3333 +0.0000  0.3333 |     0     0     0  0.333  0.333     64   0.000 uncommitted
bingham    1.000   0.10   0.90  0.0100 |  0.3333  0.3333  0.3333  0.3333 +0.0000  0.3333 |     0     0     0  0.333  0.333     64   0.000 uncommitted
bingham    1.000   1.00   0.80  0.0010 |  0.3160  0.2192  1.6451  0.6730 +0.9721  0.0013 |    59    18    16  1.378  1.334      7   0.547 mixed
bingham    1.000   1.00   0.80  0.0100 |  0.3160  0.2232  1.6451  0.6299 +1.0152  0.0001 |    73    21    11  1.336  1.262      3   0.528 mixed
bingham    1.000   1.00   0.90  0.0010 |  0.3160  0.2172  1.6372  0.6967 +0.9405  0.0010 |    38    19     8  1.376  1.332     21   0.546 mixed
bingham    1.000   1.00   0.90  0.0100 |  0.3160  0.2161  1.6372  0.7312 +0.9059  0.0000 |    35    20     6  1.376  1.336     18   0.546 mixed
bingham    1.000  10.00   0.80  0.0010 |  0.2400  0.2548  1.2113  1.1346 +0.0766  0.0000 |   344    33    29  1.346  1.379     40   0.326 mixed
bingham    1.000  10.00   0.80  0.0100 |  0.2400  0.2229  1.2194  1.0174 +0.2020  0.0000 |   353    28    24  1.351  1.332     36   0.388 mixed
bingham    1.000  10.00   0.90  0.0010 |  0.2400  0.2210  1.2042  0.9951 +0.2091  0.0019 |   311    29    34  1.358  1.328     44   0.401 mixed
bingham    1.000  10.00   0.90  0.0100 |  0.2400  0.2372  1.2505  1.0848 +0.1657  0.0001 |   326    32    27  1.351  1.337     41   0.323 mixed
bingham   10.000   0.10   0.80  0.0010 |  0.3333  0.2174  0.3333  0.4997 -0.1663  0.0000 |    32    19     9  1.290  1.332     18   0.484 mixed
bingham   10.000   0.10   0.80  0.0100 |  0.3333  0.2174  0.3333  0.4997 -0.1663  0.0000 |    32    19    10  1.290  1.332     17   0.484 mixed
bingham   10.000   0.10   0.90  0.0010 |  0.3333  0.2064  0.3333  0.6954 -0.3621  0.0000 |    20    11     8  1.270  1.335     27   0.531 mixed
bingham   10.000   0.10   0.90  0.0100 |  0.3333  0.2064  0.3333  0.6954 -0.3621  0.0000 |    20    11     8  1.270  1.335     27   0.531 mixed
bingham   10.000   1.00   0.80  0.0010 |  0.3160  0.2187  1.6451  0.7104 +0.9347  0.0001 |    62    21    14  1.365  1.337      1   0.549 mixed
bingham   10.000   1.00   0.80  0.0100 |  0.3160  0.2187  1.6451  0.7103 +0.9348  0.0001 |    62    21    14  1.365  1.337      1   0.549 mixed
bingham   10.000   1.00   0.90  0.0010 |  0.3160  0.2161  1.6372  0.7679 +0.8692  0.0000 |    43    20     8  1.355  1.333     26   0.540 mixed
bingham   10.000   1.00   0.90  0.0100 |  0.3160  0.2161  1.6372  0.7679 +0.8692  0.0000 |    41    20     6  1.355  1.333     21   0.540 mixed
bingham   10.000  10.00   0.80  0.0010 |  0.2400  0.2428  1.1877  1.1313 +0.0565  0.0001 |   412    36    32  1.399  1.364     43   0.299 mixed
bingham   10.000  10.00   0.80  0.0100 |  0.2400  0.2916  1.1314  1.1696 -0.0382  0.0001 |   386    34    33  1.409  1.326     40   0.255 mixed
bingham   10.000  10.00   0.90  0.0010 |  0.2400  0.2602  1.1773  1.1496 +0.0277  0.0001 |   357    33    33  1.354  1.340     36   0.281 mixed
bingham   10.000  10.00   0.90  0.0100 |  0.2400  0.2360  1.2065  1.0781 +0.1284  0.0001 |   325    27    30  1.343  1.328     40   0.320 mixed
bingham  τ=  0.200 η=  1.00 σ= 0.80 h=0.0010 | A3= 0.2202 asym=+0.9989 | mB=20 mA3=11 mid=0.542@t302 mixed
bingham  τ=  0.050 η=  1.00 σ= 0.90 h=0.0010 | A3= 0.2225 asym=+1.0041 | mB=20 mA3=13 mid=0.536@t302 mixed
bingham  τ= 10.000 η=  0.10 σ= 0.80 h=0.0010 | A3= 0.2174 asym=-0.1663 | mB=19 mA3= 9 mid=0.484@t302 mixed
bingham  τ=  0.050 η=  1.00 σ= 0.90 h=0.0100 | A3= 0.2146 asym=+0.8818 | mB=23 mA3= 9 mid=0.541@t302 mixed
bingham  τ= 10.000 η=  0.10 σ= 0.80 h=0.0100 | A3= 0.2174 asym=-0.1663 | mB=19 mA3=10 mid=0.484@t302 mixed
bingham  τ=  0.010 η=  1.00 σ= 0.90 h=0.0100 | A3= 0.2129 asym=+0.8818 | mB=23 mA3= 8 mid=0.536@t302 mixed
bingham  τ= 10.000 η=  0.10 σ= 0.90 h=0.0100 | A3= 0.2064 asym=-0.3621 | mB=11 mA3= 8 mid=0.531@t302 mixed
bingham  τ= 10.000 η=  0.10 σ= 0.90 h=0.0010 | A3= 0.2064 asym=-0.3621 | mB=11 mA3= 8 mid=0.531@t302 mixed
bingham  τ=  0.200 η=  1.00 σ= 0.90 h=0.0010 | A3= 0.2164 asym=+0.8459 | mB=21 mA3= 8 mid=0.530@t302 mixed
bingham  τ=  1.000 η=  1.00 σ= 0.90 h=0.0100 | A3= 0.2161 asym=+0.9059 | mB=20 mA3= 6 mid=0.546@t302 mixed
bingham  τ= 10.000 η=  1.00 σ= 0.90 h=0.0100 | A3= 0.2161 asym=+0.8692 | mB=20 mA3= 6 mid=0.540@t302 mixed
bingham  τ=  0.010 η=  1.00 σ= 0.80 h=0.0100 | A3= 0.2159 asym=+0.9012 | mB=18 mA3=12 mid=0.543@t302 mixed
bingham  τ= 10.000 η=  1.00 σ= 0.90 h=0.0010 | A3= 0.2161 asym=+0.8692 | mB=20 mA3= 8 mid=0.540@t302 mixed
bingham  τ=  1.000 η=  0.10 σ= 0.80 h=0.0010 | A3= 0.2078 asym=-0.3256 | mB=10 mA3= 7 mid=0.531@t302 mixed
bingham  τ=  1.000 η=  0.10 σ= 0.80 h=0.0100 | A3= 0.2079 asym=-0.3267 | mB=14 mA3= 9 mid=0.531@t302 mixed
bingham  τ=  1.000 η= 10.00 σ= 0.80 h=0.0100 | A3= 0.2229 asym=+0.2020 | mB=28 mA3=24 mid=0.388@t302 mixed
bingham  τ=  0.010 η= 10.00 σ= 0.90 h=0.0100 | A3= 0.2378 asym=+0.0274 | mB=28 mA3=29 mid=0.330@t302 mixed
bingham  τ=  0.200 η=  1.00 σ= 0.80 h=0.0100 | A3= 0.2235 asym=+1.0637 | mB=22 mA3=15 mid=0.527@t302 mixed
bingham  τ=  0.050 η= 10.00 σ= 0.90 h=0.0010 | A3= 0.2461 asym=-0.0366 | mB=22 mA3=18 mid=0.394@t302 mixed
bingham  τ=  1.000 η= 10.00 σ= 0.80 h=0.0010 | A3= 0.2548 asym=+0.0766 | mB=33 mA3=29 mid=0.326@t302 mixed
bingham  τ=  0.050 η= 10.00 σ= 0.80 h=0.0010 | A3= 0.2539 asym=-0.0584 | mB=28 mA3=25 mid=0.429@t302 mixed
bingham  τ= 10.000 η= 10.00 σ= 0.90 h=0.0100 | A3= 0.2360 asym=+0.1284 | mB=27 mA3=30 mid=0.320@t302 mixed
bingham  τ=  0.200 η= 10.00 σ= 0.90 h=0.0100 | A3= 0.2694 asym=-0.0213 | mB=32 mA3=36 mid=0.271@t303 mixed
bingham  τ= 10.000 η=  1.00 σ= 0.80 h=0.0010 | A3= 0.2187 asym=+0.9347 | mB=21 mA3=14 mid=0.549@t302 mixed
bingham  τ= 10.000 η=  1.00 σ= 0.80 h=0.0100 | A3= 0.2187 asym=+0.9348 | mB=21 mA3=14 mid=0.549@t302 mixed
bingham  τ=  0.010 η= 10.00 σ= 0.80 h=0.0100 | A3= 0.2448 asym=+0.0804 | mB=30 mA3=35 mid=0.303@t303 mixed
bingham  τ= 10.000 η= 10.00 σ= 0.90 h=0.0010 | A3= 0.2602 asym=+0.0277 | mB=33 mA3=33 mid=0.281@t303 mixed
bingham  τ=  0.050 η=  1.00 σ= 0.80 h=0.0010 | A3= 0.2137 asym=+0.8808 | mB=21 mA3=12 mid=0.536@t302 mixed
bingham  τ= 10.000 η= 10.00 σ= 0.80 h=0.0100 | A3= 0.2916 asym=-0.0382 | mB=34 mA3=33 mid=0.255@t303 mixed
bingham  τ=  0.200 η= 10.00 σ= 0.80 h=0.0100 | A3= 0.2254 asym=+0.2388 | mB=25 mA3=38 mid=0.392@t302 mixed
bingham  τ= 10.000 η= 10.00 σ= 0.80 h=0.0010 | A3= 0.2428 asym=+0.0565 | mB=36 mA3=32 mid=0.299@t303 mixed
bingham  τ=  0.200 η= 10.00 σ= 0.80 h=0.0010 | A3= 0.2298 asym=+0.1517 | mB=23 mA3=29 mid=0.338@t302 mixed
bingham  τ=  1.000 η=  1.00 σ= 0.80 h=0.0100 | A3= 0.2232 asym=+1.0152 | mB=21 mA3=11 mid=0.528@t302 mixed
bingham  τ=  1.000 η= 10.00 σ= 0.90 h=0.0100 | A3= 0.2372 asym=+0.1657 | mB=32 mA3=27 mid=0.323@t302 mixed
bingham  τ=  0.050 η= 10.00 σ= 0.80 h=0.0100 | A3= 0.2585 asym=+0.0263 | mB=26 mA3=29 mid=0.280@t303 mixed
bingham  τ=  0.050 η=  1.00 σ= 0.80 h=0.0100 | A3= 0.2159 asym=+0.9011 | mB=19 mA3=12 mid=0.543@t302 mixed
bingham  τ=  0.050 η= 10.00 σ= 0.90 h=0.0100 | A3= 0.2359 asym=+0.0859 | mB=28 mA3=34 mid=0.335@t302 mixed
bingham  τ=  1.000 η=  1.00 σ= 0.90 h=0.0010 | A3= 0.2172 asym=+0.9405 | mB=19 mA3= 8 mid=0.546@t302 mixed
bingham  τ=  0.200 η=  1.00 σ= 0.90 h=0.0100 | A3= 0.2157 asym=+0.8450 | mB=18 mA3=10 mid=0.532@t302 mixed
bingham  τ=  1.000 η=  1.00 σ= 0.80 h=0.0010 | A3= 0.2192 asym=+0.9721 | mB=18 mA3=16 mid=0.547@t302 mixed
bingham  τ=  1.000 η= 10.00 σ= 0.90 h=0.0010 | A3= 0.2210 asym=+0.2091 | mB=29 mA3=34 mid=0.401@t302 mixed
bingham  τ=  0.200 η= 10.00 σ= 0.90 h=0.0010 | A3= 0.2221 asym=+0.1427 | mB=30 mA3=35 mid=0.353@t302 mixed
newtonian   0.001   0.10   0.80  0.0010 |  0.3333  0.3333  0.3333  0.3333 +0.0000  0.3333 |     0     0     0  0.333  0.333     64   0.000 uncommitted
newtonian   0.001   0.10   0.80  0.0100 |  0.3333  0.3333  0.3333  0.3333 +0.0000  0.3333 |     0     0     0  0.333  0.333     64   0.000 uncommitted
newtonian   0.001   0.10   0.90  0.0010 |  0.3333  0.3333  0.3333  0.3333 +0.0000  0.3333 |     0     0     0  0.333  0.333     64   0.000 uncommitted
newtonian   0.001   0.10   0.90  0.0100 |  0.3333  0.3333  0.3333  0.3333 +0.0000  0.3333 |     0     0     0  0.333  0.333     64   0.000 uncommitted
newtonian   0.001   1.00   0.80  0.0010 |  0.3333  0.3333  0.3333  0.3333 +0.0000  0.3333 |     0     0     0  0.333  0.333     64   0.000 uncommitted
newtonian   0.001   1.00   0.80  0.0100 |  0.3333  0.3333  0.3333  0.3333 +0.0000  0.3333 |     0     0     0  0.333  0.333     64   0.000 uncommitted
newtonian   0.001   1.00   0.90  0.0010 |  0.3333  0.3333  0.3333  0.3333 +0.0000  0.3333 |     0     0     0  0.333  0.333     64   0.000 uncommitted
newtonian   0.001   1.00   0.90  0.0100 |  0.3333  0.3333  0.3333  0.3333 +0.0000  0.3333 |     0     0     0  0.333  0.333     64   0.000 uncommitted
newtonian   0.001  10.00   0.80  0.0010 |  0.3333  0.3333  0.3333  0.3333 +0.0000  0.3333 |     0     0     0  0.333  0.333     64   0.000 uncommitted
newtonian   0.001  10.00   0.80  0.0100 |  0.3333  0.3333  0.3333  0.3333 +0.0000  0.3333 |     0     0     0  0.333  0.333     64   0.000 uncommitted
newtonian   0.001  10.00   0.90  0.0010 |  0.3333  0.3333  0.3333  0.3333 +0.0000  0.3333 |     0     0     0  0.333  0.333     64   0.000 uncommitted
newtonian   0.001  10.00   0.90  0.0100 |  0.3333  0.3333  0.3333  0.3333 +0.0000  0.3333 |     0     0     0  0.333  0.333     64   0.000 uncommitted
newtonian   0.010   0.10   0.80  0.0010 |  0.3333  0.3333  0.3333  0.3333 +0.0000  0.3333 |     0     0     0  0.333  0.333     64   0.000 uncommitted
newtonian   0.010   0.10   0.80  0.0100 |  0.3333  0.3333  0.3333  0.3333 +0.0000  0.3333 |     0     0     0  0.333  0.333     64   0.000 uncommitted
newtonian   0.010   0.10   0.90  0.0010 |  0.3333  0.3333  0.3333  0.3333 +0.0000  0.3333 |     0     0     0  0.333  0.333     64   0.000 uncommitted
newtonian   0.010   0.10   0.90  0.0100 |  0.3333  0.3333  0.3333  0.3333 +0.0000  0.3333 |     0     0     0  0.333  0.333     64   0.000 uncommitted
newtonian   0.010   1.00   0.80  0.0010 |  0.3302  0.3310  0.3922  0.3311 +0.0611  0.2874 |     1     1     0  0.304  0.331     64   0.001 mixed
newtonian   0.010   1.00   0.80  0.0100 |  0.3160  0.2067  1.6248  0.6662 +0.9586  0.0000 |    57    20    12  1.383  1.197     17   0.498 mixed
newtonian   0.010   1.00   0.90  0.0010 |  0.3302  0.3310  0.3922  0.3311 +0.0611  0.2874 |     1     1     0  0.304  0.331     64   0.001 mixed
newtonian   0.010   1.00   0.90  0.0100 |  0.3160  0.2150  1.6248  0.8045 +0.8203  0.0000 |    41    23     7  1.400  1.328     21   0.521 mixed
newtonian   0.010  10.00   0.80  0.0010 |  0.3330  0.3327  0.3391  0.3327 +0.0063  0.3281 |     1     1     0  0.330  0.333     64   0.000 mixed
newtonian   0.010  10.00   0.80  0.0100 |  0.2881  0.2402  1.1435  1.0783 +0.0652  0.0001 |   384    32    32  1.403  1.325     34   0.329 mixed
newtonian   0.010  10.00   0.90  0.0010 |  0.3330  0.3327  0.3391  0.3327 +0.0063  0.3281 |     1     1     0  0.330  0.333     64   0.000 mixed
newtonian   0.010  10.00   0.90  0.0100 |  0.2881  0.2383  1.1565  1.0943 +0.0622  0.0001 |   335    34    32  1.416  1.344     29   0.324 mixed
newtonian   0.050   0.10   0.80  0.0010 |  0.3333  0.3333  0.3333  0.3333 +0.0000  0.3333 |     0     0     0  0.333  0.333     64   0.000 uncommitted
newtonian   0.050   0.10   0.80  0.0100 |  0.3333  0.3333  0.3333  0.3333 +0.0000  0.3333 |     0     0     0  0.333  0.333     64   0.000 uncommitted
newtonian   0.050   0.10   0.90  0.0010 |  0.3333  0.3333  0.3333  0.3333 +0.0000  0.3333 |     0     0     0  0.333  0.333     64   0.000 uncommitted
newtonian   0.050   0.10   0.90  0.0100 |  0.3333  0.3333  0.3333  0.3333 +0.0000  0.3333 |     0     0     0  0.333  0.333     64   0.000 uncommitted
newtonian   0.050   1.00   0.80  0.0010 |  0.3160  0.2067  1.6248  0.6662 +0.9586  0.0000 |    57    20    12  1.383  1.197     17   0.498 mixed
newtonian   0.050   1.00   0.80  0.0100 |  0.3160  0.2067  1.6248  0.6662 +0.9586  0.0000 |    57    20    12  1.383  1.197     17   0.498 mixed
newtonian   0.050   1.00   0.90  0.0010 |  0.3160  0.2150  1.6248  0.8045 +0.8203  0.0000 |    41    23     7  1.400  1.328     21   0.521 mixed
newtonian   0.050   1.00   0.90  0.0100 |  0.3160  0.2150  1.6248  0.8045 +0.8203  0.0000 |    41    23     7  1.400  1.328     21   0.521 mixed
newtonian   0.050  10.00   0.80  0.0010 |  0.3138  0.2382  0.9918  0.9551 +0.0367  0.0000 |   259    23    27  1.435  1.314     12   0.450 mixed
newtonian   0.050  10.00   0.80  0.0100 |  0.2676  0.2414  1.1858  1.1051 +0.0806  0.0000 |   395    34    38  1.374  1.340     32   0.303 mixed
newtonian   0.050  10.00   0.90  0.0010 |  0.3138  0.2367  0.9885  0.9978 -0.0093  0.0006 |   224    27    24  1.430  1.312     32   0.415 mixed
newtonian   0.050  10.00   0.90  0.0100 |  0.2676  0.2426  1.1448  1.0784 +0.0664  0.0000 |   372    29    32  1.403  1.245     35   0.257 mixed
newtonian   0.200   0.10   0.80  0.0010 |  0.3333  0.3333  0.3333  0.3333 +0.0000  0.3333 |     0     0     0  0.333  0.333     64   0.000 uncommitted
newtonian   0.200   0.10   0.80  0.0100 |  0.3333  0.3333  0.3333  0.3333 +0.0000  0.3333 |     0     0     0  0.333  0.333     64   0.000 uncommitted
newtonian   0.200   0.10   0.90  0.0010 |  0.3333  0.3333  0.3333  0.3333 +0.0000  0.3333 |     0     0     0  0.333  0.333     64   0.000 uncommitted
newtonian   0.200   0.10   0.90  0.0100 |  0.3333  0.3333  0.3333  0.3333 +0.0000  0.3333 |     0     0     0  0.333  0.333     64   0.000 uncommitted
newtonian   0.200   1.00   0.80  0.0010 |  0.3160  0.2067  1.6248  0.6662 +0.9586  0.0000 |    57    20    12  1.383  1.197     17   0.498 mixed
newtonian   0.200   1.00   0.80  0.0100 |  0.3160  0.2067  1.6248  0.6662 +0.9586  0.0000 |    57    20    12  1.383  1.197     17   0.498 mixed
newtonian   0.200   1.00   0.90  0.0010 |  0.3160  0.2150  1.6248  0.8045 +0.8203  0.0000 |    41    23     7  1.400  1.328     21   0.521 mixed
newtonian   0.200   1.00   0.90  0.0100 |  0.3160  0.2150  1.6248  0.8045 +0.8203  0.0000 |    41    23     7  1.400  1.328     21   0.521 mixed
newtonian   0.200  10.00   0.80  0.0010 |  0.2400  0.2655  1.1327  1.1762 -0.0435  0.0000 |   395    33    44  1.405  1.371     38   0.303 mixed
newtonian   0.200  10.00   0.80  0.0100 |  0.2400  0.2655  1.1327  1.1762 -0.0435  0.0000 |   395    33    44  1.405  1.371     38   0.303 mixed
newtonian   0.200  10.00   0.90  0.0010 |  0.2400  0.2724  1.1976  1.1840 +0.0136  0.0003 |   385    36    41  1.343  1.340     43   0.252 mixed
newtonian   0.200  10.00   0.90  0.0100 |  0.2400  0.2724  1.1976  1.1840 +0.0136  0.0003 |   385    36    41  1.343  1.340     43   0.252 mixed
newtonian   1.000   0.10   0.80  0.0010 |  0.3333  0.3333  0.3333  0.3333 +0.0000  0.3333 |     0     0     0  0.333  0.333     64   0.000 uncommitted
newtonian   1.000   0.10   0.80  0.0100 |  0.3333  0.3333  0.3333  0.3333 +0.0000  0.3333 |     0     0     0  0.333  0.333     64   0.000 uncommitted
newtonian   1.000   0.10   0.90  0.0010 |  0.3333  0.3333  0.3333  0.3333 +0.0000  0.3333 |     0     0     0  0.333  0.333     64   0.000 uncommitted
newtonian   1.000   0.10   0.90  0.0100 |  0.3333  0.3333  0.3333  0.3333 +0.0000  0.3333 |     0     0     0  0.333  0.333     64   0.000 uncommitted
newtonian   1.000   1.00   0.80  0.0010 |  0.3160  0.2067  1.6248  0.6662 +0.9586  0.0000 |    57    20    12  1.383  1.197     17   0.498 mixed
newtonian   1.000   1.00   0.80  0.0100 |  0.3160  0.2067  1.6248  0.6662 +0.9586  0.0000 |    57    20    12  1.383  1.197     17   0.498 mixed
newtonian   1.000   1.00   0.90  0.0010 |  0.3160  0.2150  1.6248  0.8045 +0.8203  0.0000 |    41    23     7  1.400  1.328     21   0.521 mixed
newtonian   1.000   1.00   0.90  0.0100 |  0.3160  0.2150  1.6248  0.8045 +0.8203  0.0000 |    41    23     7  1.400  1.328     21   0.521 mixed
newtonian   1.000  10.00   0.80  0.0010 |  0.2400  0.2655  1.1327  1.1762 -0.0435  0.0000 |   395    33    44  1.405  1.371     38   0.303 mixed
newtonian   1.000  10.00   0.80  0.0100 |  0.2400  0.2655  1.1327  1.1762 -0.0435  0.0000 |   395    33    44  1.405  1.371     38   0.303 mixed
newtonian   1.000  10.00   0.90  0.0010 |  0.2400  0.2724  1.1976  1.1840 +0.0136  0.0003 |   385    36    41  1.343  1.340     43   0.252 mixed
newtonian   1.000  10.00   0.90  0.0100 |  0.2400  0.2724  1.1976  1.1840 +0.0136  0.0003 |   385    36    41  1.343  1.340     43   0.252 mixed
newtonian  10.000   0.10   0.80  0.0010 |  0.3333  0.3333  0.3333  0.3333 +0.0000  0.3333 |     0     0     0  0.333  0.333     64   0.000 uncommitted
newtonian  10.000   0.10   0.80  0.0100 |  0.3333  0.3333  0.3333  0.3333 +0.0000  0.3333 |     0     0     0  0.333  0.333     64   0.000 uncommitted
newtonian  10.000   0.10   0.90  0.0010 |  0.3333  0.3333  0.3333  0.3333 +0.0000  0.3333 |     0     0     0  0.333  0.333     64   0.000 uncommitted
newtonian  10.000   0.10   0.90  0.0100 |  0.3333  0.3333  0.3333  0.3333 +0.0000  0.3333 |     0     0     0  0.333  0.333     64   0.000 uncommitted
newtonian  10.000   1.00   0.80  0.0010 |  0.3160  0.2067  1.6248  0.6662 +0.9586  0.0000 |    57    20    12  1.383  1.197     17   0.498 mixed
newtonian  10.000   1.00   0.80  0.0100 |  0.3160  0.2067  1.6248  0.6662 +0.9586  0.0000 |    57    20    12  1.383  1.197     17   0.498 mixed
newtonian  10.000   1.00   0.90  0.0010 |  0.3160  0.2150  1.6248  0.8045 +0.8203  0.0000 |    41    23     7  1.400  1.328     21   0.521 mixed
newtonian  10.000   1.00   0.90  0.0100 |  0.3160  0.2150  1.6248  0.8045 +0.8203  0.0000 |    41    23     7  1.400  1.328     21   0.521 mixed
newtonian  10.000  10.00   0.80  0.0010 |  0.2400  0.2655  1.1327  1.1762 -0.0435  0.0000 |   395    33    44  1.405  1.371     38   0.303 mixed
newtonian  10.000  10.00   0.80  0.0100 |  0.2400  0.2655  1.1327  1.1762 -0.0435  0.0000 |   395    33    44  1.405  1.371     38   0.303 mixed
newtonian  10.000  10.00   0.90  0.0010 |  0.2400  0.2724  1.1976  1.1840 +0.0136  0.0003 |   385    36    41  1.343  1.340     43   0.252 mixed
newtonian  10.000  10.00   0.90  0.0100 |  0.2400  0.2724  1.1976  1.1840 +0.0136  0.0003 |   385    36    41  1.343  1.340     43   0.252 mixed
newtonian τ=  0.010 η=  1.00 σ= 0.90 h=0.0100 | A3= 0.2150 asym=+0.8203 | mB=23 mA3= 7 mid=0.521@t302 mixed
newtonian τ=  0.050 η=  1.00 σ= 0.90 h=0.0010 | A3= 0.2150 asym=+0.8203 | mB=23 mA3= 7 mid=0.521@t302 mixed
newtonian τ=  0.050 η=  1.00 σ= 0.90 h=0.0100 | A3= 0.2150 asym=+0.8203 | mB=23 mA3= 7 mid=0.521@t302 mixed
newtonian τ=  0.200 η=  1.00 σ= 0.90 h=0.0010 | A3= 0.2150 asym=+0.8203 | mB=23 mA3= 7 mid=0.521@t302 mixed
newtonian τ=  0.200 η=  1.00 σ= 0.90 h=0.0100 | A3= 0.2150 asym=+0.8203 | mB=23 mA3= 7 mid=0.521@t302 mixed
newtonian τ=  1.000 η=  1.00 σ= 0.90 h=0.0010 | A3= 0.2150 asym=+0.8203 | mB=23 mA3= 7 mid=0.521@t302 mixed
newtonian τ=  1.000 η=  1.00 σ= 0.90 h=0.0100 | A3= 0.2150 asym=+0.8203 | mB=23 mA3= 7 mid=0.521@t302 mixed
newtonian τ= 10.000 η=  1.00 σ= 0.90 h=0.0010 | A3= 0.2150 asym=+0.8203 | mB=23 mA3= 7 mid=0.521@t302 mixed
newtonian τ= 10.000 η=  1.00 σ= 0.90 h=0.0100 | A3= 0.2150 asym=+0.8203 | mB=23 mA3= 7 mid=0.521@t302 mixed
newtonian τ=  0.010 η=  1.00 σ= 0.80 h=0.0100 | A3= 0.2067 asym=+0.9586 | mB=20 mA3=12 mid=0.498@t302 mixed
newtonian τ=  0.050 η=  1.00 σ= 0.80 h=0.0010 | A3= 0.2067 asym=+0.9586 | mB=20 mA3=12 mid=0.498@t302 mixed
newtonian τ=  0.050 η=  1.00 σ= 0.80 h=0.0100 | A3= 0.2067 asym=+0.9586 | mB=20 mA3=12 mid=0.498@t302 mixed
newtonian τ=  0.200 η=  1.00 σ= 0.80 h=0.0010 | A3= 0.2067 asym=+0.9586 | mB=20 mA3=12 mid=0.498@t302 mixed
newtonian τ=  0.200 η=  1.00 σ= 0.80 h=0.0100 | A3= 0.2067 asym=+0.9586 | mB=20 mA3=12 mid=0.498@t302 mixed
newtonian τ=  1.000 η=  1.00 σ= 0.80 h=0.0010 | A3= 0.2067 asym=+0.9586 | mB=20 mA3=12 mid=0.498@t302 mixed
newtonian τ=  1.000 η=  1.00 σ= 0.80 h=0.0100 | A3= 0.2067 asym=+0.9586 | mB=20 mA3=12 mid=0.498@t302 mixed
newtonian τ= 10.000 η=  1.00 σ= 0.80 h=0.0010 | A3= 0.2067 asym=+0.9586 | mB=20 mA3=12 mid=0.498@t302 mixed
newtonian τ= 10.000 η=  1.00 σ= 0.80 h=0.0100 | A3= 0.2067 asym=+0.9586 | mB=20 mA3=12 mid=0.498@t302 mixed
newtonian τ=  0.050 η= 10.00 σ= 0.80 h=0.0100 | A3= 0.2414 asym=+0.0806 | mB=34 mA3=38 mid=0.303@t302 mixed
newtonian τ=  0.050 η= 10.00 σ= 0.90 h=0.0100 | A3= 0.2426 asym=+0.0664 | mB=29 mA3=32 mid=0.257@t303 mixed
newtonian τ=  0.050 η= 10.00 σ= 0.80 h=0.0010 | A3= 0.2382 asym=+0.0367 | mB=23 mA3=27 mid=0.450@t302 mixed
newtonian τ=  0.200 η= 10.00 σ= 0.80 h=0.0010 | A3= 0.2655 asym=-0.0435 | mB=33 mA3=44 mid=0.303@t303 mixed
newtonian τ=  0.200 η= 10.00 σ= 0.80 h=0.0100 | A3= 0.2655 asym=-0.0435 | mB=33 mA3=44 mid=0.303@t303 mixed
newtonian τ=  1.000 η= 10.00 σ= 0.80 h=0.0010 | A3= 0.2655 asym=-0.0435 | mB=33 mA3=44 mid=0.303@t303 mixed
newtonian τ=  1.000 η= 10.00 σ= 0.80 h=0.0100 | A3= 0.2655 asym=-0.0435 | mB=33 mA3=44 mid=0.303@t303 mixed
newtonian τ= 10.000 η= 10.00 σ= 0.80 h=0.0010 | A3= 0.2655 asym=-0.0435 | mB=33 mA3=44 mid=0.303@t303 mixed
newtonian τ= 10.000 η= 10.00 σ= 0.80 h=0.0100 | A3= 0.2655 asym=-0.0435 | mB=33 mA3=44 mid=0.303@t303 mixed
newtonian τ=  0.010 η= 10.00 σ= 0.80 h=0.0100 | A3= 0.2402 asym=+0.0652 | mB=32 mA3=32 mid=0.329@t302 mixed
newtonian τ=  0.010 η= 10.00 σ= 0.90 h=0.0100 | A3= 0.2383 asym=+0.0622 | mB=34 mA3=32 mid=0.324@t302 mixed
newtonian τ=  0.200 η= 10.00 σ= 0.90 h=0.0010 | A3= 0.2724 asym=+0.0136 | mB=36 mA3=41 mid=0.252@t303 mixed
newtonian τ=  0.200 η= 10.00 σ= 0.90 h=0.0100 | A3= 0.2724 asym=+0.0136 | mB=36 mA3=41 mid=0.252@t303 mixed
newtonian τ=  1.000 η= 10.00 σ= 0.90 h=0.0010 | A3= 0.2724 asym=+0.0136 | mB=36 mA3=41 mid=0.252@t303 mixed
newtonian τ=  1.000 η= 10.00 σ= 0.90 h=0.0100 | A3= 0.2724 asym=+0.0136 | mB=36 mA3=41 mid=0.252@t303 mixed
newtonian τ= 10.000 η= 10.00 σ= 0.90 h=0.0010 | A3= 0.2724 asym=+0.0136 | mB=36 mA3=41 mid=0.252@t303 mixed
newtonian τ= 10.000 η= 10.00 σ= 0.90 h=0.0100 | A3= 0.2724 asym=+0.0136 | mB=36 mA3=41 mid=0.252@t303 mixed
newtonian τ=  0.050 η= 10.00 σ= 0.90 h=0.0010 | A3= 0.2367 asym=-0.0093 | mB=27 mA3=24 mid=0.415@t302 mixed
